 -0.00375143018621382  0.02132216456773259  0.03115325255901096  0.04106210931463425
  0.05129815773111815  0.06148542871060257  0.07174291109443724  0.08153982038223405
  0.09110513308068142  0.10061452950329683  0.11004321710598758  0.11954704980561638
  0.12905189074540283  0.13860423728918317  0.14799099187662987  0.15704606307680388
  0.16592918812497820  0.17489258729041968  0.18396282457163707  0.19301546151718771
  0.20193269595395091  0.21070757102106333  0.21945583470515287  0.22821642561154151
  0.23710668845820945  0.24581534531771460  0.25433839067498476  0.26268142132582922
  0.27089824137536828  0.27914084392431243  0.28728879902395704  0.29529700788387847
  0.30332959711487539  0.31136586401487687  0.31915694243386256  0.32689042380074212
  0.33490059146245471  0.34313656278663063  0.35145752826672894  0.35984271940425716
  0.36827878970665839  0.37674476212254360  0.38507416067852063  0.39354321342237480
  0.40177459872762211  0.40997681417329124  0.41814588006138392  0.42631789636846329
  0.43484287087490142  0.44355653960079572  0.45223834182431760  0.46091983610295534
  0.46966204914657628  0.47822761722028645  0.48688942698618964  0.49544932905205030
  0.50392405054943135  0.51234194492760587  0.52067162600668082  0.52898951557187990
  0.53748040949830700  0.54613819935032437  0.55488060246649973  0.56386862908075386
  0.57290672815946253  0.58203895687097229  0.59130742837145500  0.60070289464954341
  0.61013457584271202  0.61933190217123268  0.62854070726390976  0.63788777144853415
  0.64749927128300822  0.65725143053219182  0.66705000507947809  0.67710645540875980
  0.68753819688769890  0.69803418294522845  0.70923759925605856  0.72072978830588341
  0.73229366745600633  0.74397782290881764  0.75580060393875226  0.76816212684684526
  0.78066276952357261  0.79351955659452433  0.80669744228496831  0.82022390755264851
  0.83442988953733810  0.84972638673753442  0.86593369200617598  0.88334602142941498
  0.90272430833746498  0.92677755977985388  0.95819752470143094  1.00000000000000000
 -0.00241354283151094  0.00903872232343799  0.01897497348414461  0.02924817767216173
  0.03979218931221181  0.04989655102636282  0.05993783089921065  0.07004739085543414
  0.08019772871963729  0.09008094181993588  0.09998440458055106  0.10997043526637902
  0.12043220860474750  0.13099833204778144  0.14175830485311697  0.15268436727771778
  0.16396257001464659  0.17554622565724323  0.18730325956605468  0.19974606845204529
  0.21129031965244000  0.22217954677479568  0.23324534724271767  0.24474280023373429
  0.25538314324259503  0.26538240333501600  0.27531781418682266  0.28551818406505647
  0.29570840661176306  0.30604826692591169  0.31690023385294847  0.32800394453142162
  0.33864222308403913  0.34902950604391397  0.35953310583824311  0.37014914959569462
  0.38099248548188042  0.39162204068250150  0.40286367958873337  0.41394702059191102
  0.42489250721313870  0.43593871570834530  0.44702583167844495  0.45779978737550248
  0.46798051167309301  0.47787281351348421  0.48792628470902122  0.49815706340979848
  0.50848205049292661  0.51879106152351517  0.52924226366538463  0.53961321573736720
  0.54977745648909937  0.55983327408709860  0.57019531375200461  0.58073779196745989
  0.59128847234552950  0.60179695926365739  0.61238538273102605  0.62292538806649778
  0.63329149743657964  0.64342326891142765  0.65345407383051679  0.66352060530143253
  0.67380158485971686  0.68400794522230435  0.69429254167155663  0.70489001303392373
  0.71574521165529170  0.72676664595537221  0.73755121655695799  0.74795136967162412
  0.75832734772136168  0.76861457537271671  0.77914051258661254  0.78958363116891284
  0.80010016149923291  0.81053208305173963  0.82100225912252500  0.83139447073566408
  0.84171017955075089  0.85199871226389490  0.86259663571927347  0.87336482036386398
  0.88383730788795112  0.89407169180166768  0.90416941751090596  0.91411071421530066
  0.92397614927887661  0.93390506221147140  0.94433636671175247  0.95493608402606722
  0.96584865017040511  0.97674792173223168  0.98829781578196663  1.00000000000000000
  0.01389637470312460  0.06474028500556361  0.09141412002298342  0.11063182826270206
  0.12630174749209666  0.14032163989900162  0.15294040030604114  0.16450322382253751
  0.17535257981117339  0.18571310559488766  0.19567140753259790  0.20526981458857799
  0.21479225531040705  0.22407769931712201  0.23287830308587423  0.24116815667589955
  0.24926861694974459  0.25723740386740906  0.26506827257383669  0.27266517010300878
  0.27991313552160746  0.28701201129457454  0.29409787440330459  0.30131109185262062
  0.30854518392034136  0.31573156719112644  0.32268593809595592  0.32947234293744443
  0.33616434652253696  0.34275798444199684  0.34934334279215518  0.35584684985872994
  0.36224483217159448  0.36847634004303592  0.37469344242846658  0.38096132206732958
  0.38730243800445646  0.39370086215737710  0.40007033389492624  0.40632924802517312
  0.41248098606675154  0.41855921166406324  0.42471059325827354  0.43092022838791827
  0.43729292375731565  0.44361724215561099  0.44991227624020091  0.45612884908552581
  0.46235037649800109  0.46858049610367697  0.47479942554614496  0.48097321410879640
  0.48707086540110162  0.49313461982715118  0.49924368465742930  0.50541858065289069
  0.51157623531971030  0.51793824139343414  0.52419984403954656  0.53045068483017876
  0.53673197716557830  0.54302454655026389  0.54944769537939853  0.55599604488490284
  0.56263211034027838  0.56923114816937281  0.57566706358473430  0.58200872611026877
  0.58844959977494793  0.59506100691470143  0.60181131513099595  0.60869742582640685
  0.61561426161588784  0.62260687342238219  0.62990515404560887  0.63752812274692927
  0.64528174710110509  0.65330285704157554  0.66147150627713536  0.66994375919279614
  0.67880858563273472  0.68762443062713363  0.69696433619884357  0.70641458426807957
  0.71683700462934696  0.72764986358443717  0.73920678487246227  0.75114810214669503
  0.76396879550373298  0.77779996140654051  0.79307674339684353  0.81031323716902937
  0.83041085274023274  0.85575666968847064  0.89443202108520625  1.00000000000000000
 -0.01926580903868425  0.13073616568396035  0.19184519421779697  0.23279846936888829
  0.26177340302466651  0.28414239755210668  0.30198902923480475  0.31715619297943820
  0.33041590545846949  0.34263227251074807  0.35405301042199061  0.36450555412545360
  0.37433008452770583  0.38372897963408847  0.39286752138837000  0.40163664719382330
  0.41003015736451554  0.41818987721012851  0.42611830448289129  0.43396528910661575
  0.44143204116184065  0.44834918390577622  0.45509500175685402  0.46163320884480735
  0.46804961752793950  0.47437760065789825  0.48062130381685736  0.48665421720644325
  0.49262278224401840  0.49835583565315345  0.50394362328195641  0.50950073522349715
  0.51506944796789111  0.52059034555681694  0.52591022597999726  0.53106816519388311
  0.53618377623915792  0.54123249698444020  0.54633319919857526  0.55142244992249856
  0.55651918282589330  0.56161223669275362  0.56666110685673565  0.57175164654968713
  0.57679021618331594  0.58178040308039236  0.58670223938880828  0.59151802548789378
  0.59628410634504836  0.60102286384418768  0.60574517100692526  0.61029673700416942
  0.61491074246656729  0.61957001558199731  0.62429196117732710  0.62909039631653929
  0.63394539690761875  0.63879316053162549  0.64359104017338464  0.64842744182757217
  0.65322127861663859  0.65798960496880066  0.66274622262682858  0.66751787224144532
  0.67234604985114577  0.67729031842691378  0.68233161415526722  0.68742948046973895
  0.69256996651353819  0.69771925395202961  0.70286181489003430  0.70818204406840124
  0.71365880357698330  0.71916806628915864  0.72464556993845264  0.73015331925011095
  0.73585287962758050  0.74172043957011280  0.74778274246912202  0.75402834988758061
  0.76037181240350382  0.76677393284396334  0.77335798157295133  0.78009904537383790
  0.78699458875287531  0.79434464863467702  0.80235884282321601  0.81101294157579662
  0.82028624301165665  0.83032159561962693  0.84164034875643623  0.85477682554960777
  0.87015538484372046  0.88993102480958908  0.92161251700190849  1.00000000000000000
   1.1388447585554450E-011  -1.0000000000000000     
 F F F F F F F F
  <DiscreteSampler_grid>
  grouped_processes
  1 # 1 for a reference and 2 for a running grid.
  10 # Attribute 'min_bin_probing_points' of the grid.
  1 # Attribute 'grid_mode' of the grid. 1=='default',2=='initialization'
  0.0000000000000000 # Attribute 'small_contrib_threshold' of the grid.
  0.5000000000000000 # Attribute 'damping_power' of the grid.
 # binID   n_entries weight   weight_sqr   abs_weight
    13   10   2.430923987419434E+004   1.488963203752685E+009   2.430923987419434E+004
    14   10   2.430923987419434E+004   1.488963203752685E+009   2.430923987419434E+004
    16   10   7.157658976879745E+003   1.290438201087090E+008   7.157658976879745E+003
    17   10   7.157658976879745E+003   1.290438201087090E+008   7.157658976879745E+003
  </DiscreteSampler_grid>
