 -0.00509401813580668  0.02822013606802081  0.04391260628601447  0.05853427346981491
  0.07232482152773123  0.08534926657808568  0.09731436882411680  0.10922415990107517
  0.12050476314712148  0.13138361053481659  0.14197600103835714  0.15241319011920493
  0.16244070721084380  0.17215843594720290  0.18171232219375064  0.19110139335394302
  0.20032468331587730  0.20952159443945043  0.21868853055788182  0.22779130901314892
  0.23667968779332033  0.24531275248086395  0.25383974524867464  0.26224993123486146
  0.27050583726974009  0.27883765912610525  0.28711632687163297  0.29520223212441093
  0.30337168640446022  0.31165299427889559  0.31988711810568826  0.32809220523311017
  0.33629331989317973  0.34437715027519550  0.35235081186337081  0.36035309558574596
  0.36831718810902608  0.37606154225240856  0.38374610296764261  0.39142861540201951
  0.39917631069659093  0.40689495585877261  0.41449755630868229  0.42197629765914252
  0.42945604854514441  0.43705795153663540  0.44474396337010597  0.45248378860264210
  0.46033335096426647  0.46827973887883401  0.47638461387212777  0.48474717695590175
  0.49251130769792945  0.50023823831373559  0.50799962678628774  0.51579131647072785
  0.52362724843427999  0.53149650869048037  0.53930046206571125  0.54705883235068253
  0.55485589457905182  0.56279147827862630  0.57080829086451068  0.57868600074057219
  0.58666939853817157  0.59482547911659334  0.60306862532171035  0.61133596342128604
  0.62004634321602947  0.62892867699644517  0.63776584102471479  0.64694178263381774
  0.65642194446462399  0.66600982309931889  0.67566469829788933  0.68551109342717031
  0.69564409762013224  0.70552662820922751  0.71559873354710157  0.72576140755740537
  0.73618780403366935  0.74694353265083790  0.75787057903797983  0.76899630972257238
  0.78043866209360069  0.79220329938400413  0.80443086543072750  0.81749277000250675
  0.83144618011332605  0.84618250297914221  0.86181383372732656  0.87884711821258499
  0.89836090871080032  0.92185609977449090  0.95435116822108579  1.00000000000000000
 -0.00243518458316864  0.00976257159144860  0.02033223450472290  0.03089262801959936
  0.04138667053108244  0.05217156028823688  0.06272632304108960  0.07321224170422667
  0.08360026994599747  0.09424242991857805  0.10499835178848729  0.11563858089747532
  0.12650299900499359  0.13682018247504946  0.14727558886965286  0.15728241336882945
  0.16770472007528917  0.17797959187655019  0.18832238707354387  0.19888754579222193
  0.20917941973762708  0.21989421652137281  0.23045158930442489  0.24072639296454323
  0.25100473767955583  0.26116599534398161  0.27152433315023333  0.28178410029108636
  0.29224455595660459  0.30272440566557818  0.31283036582728257  0.32301109884388829
  0.33335307349146781  0.34420477155611512  0.35469459545954141  0.36525139936241208
  0.37615479501241994  0.38713553747078400  0.39793560623509316  0.40845844207142923
  0.41892436975987657  0.42908045097544018  0.43941189431167615  0.44970463129302951
  0.46034939495847887  0.47029126386039644  0.48006383684874265  0.49026685823522792
  0.50050910084241007  0.51089219623872661  0.52128348436923766  0.53173704162813484
  0.54219436348977712  0.55253001872316765  0.56300770470235650  0.57347243003944004
  0.58389282680574794  0.59464310530649700  0.60553703697014027  0.61614999346434252
  0.62647805031506087  0.63662953545743750  0.64667194640682668  0.65685108139409110
  0.66724793553270700  0.67802375487919109  0.68900278488271272  0.69993974380637092
  0.71074479089487552  0.72103303134063745  0.73121317609144110  0.74149460300392300
  0.75203814040503836  0.76320279362625043  0.77465877316560727  0.78623894814930073
  0.79744367269761329  0.80843181624475613  0.81934405565710267  0.82980016366404818
  0.84032990566712629  0.85059000444691335  0.86102611033329435  0.87146010078819935
  0.88182407881347402  0.89231805748066417  0.90263419585289650  0.91309721065678129
  0.92363815323159559  0.93419985966135399  0.94485035753423063  0.95564414790382490
  0.96672490152185142  0.97777858796519246  0.98888764744641688  1.00000000000000000
  0.01108671054827378  0.07188100450133303  0.10033703814537896  0.12019331934590213
  0.13646640872429125  0.15055845811038576  0.16348249081676436  0.17543743505378695
  0.18683635257020384  0.19755732996349321  0.20783223422946689  0.21725963542695792
  0.22626149885156821  0.23469967238890110  0.24281221299678521  0.25076681481615248
  0.25863292702697893  0.26636313541439938  0.27389296845542965  0.28106871371572956
  0.28811810692324280  0.29501540114537772  0.30171401558100908  0.30851909145088080
  0.31520861031780339  0.32192538823321398  0.32850790791553908  0.33496473681854716
  0.34134610052738773  0.34764085069688705  0.35397474979400845  0.36036189585614947
  0.36673390385923826  0.37312481876476394  0.37961210174412924  0.38617060712364687
  0.39269822653648440  0.39890617550456503  0.40468350538686176  0.41065059835210732
  0.41676930712162880  0.42254239491675394  0.42816256268354608  0.43374997573276219
  0.43935470739452087  0.44493199782129905  0.45048512351388781  0.45602392271737130
  0.46174876873325726  0.46757738359468409  0.47341770125388416  0.47931771306203214
  0.48529283709176058  0.49128211128923088  0.49724826920569637  0.50325053905147676
  0.50935321883324636  0.51555655333108530  0.52179196892577451  0.52790489566441889
  0.53397992646541903  0.54006136463627619  0.54610466228101939  0.55219408456182162
  0.55831310173701598  0.56445012859866994  0.57064488238547562  0.57694174829985467
  0.58337777476983244  0.59003209807732304  0.59670730000808836  0.60342177571103051
  0.61029657616664501  0.61725782769077053  0.62427125512734127  0.63141367699083950
  0.63878335048820711  0.64638845489911267  0.65430074840078689  0.66236713858099061
  0.67059148112057654  0.67910310007172447  0.68782630142561174  0.69731716840003721
  0.70696331724900674  0.71673040463150650  0.72660083213668569  0.73772120179609768
  0.75005634530864973  0.76329175316643061  0.77790097915473322  0.79431914420817029
  0.81362468907412622  0.83859851750084835  0.87799226576423273  1.00000000000000000
 -0.02982329106183095  0.16357122428495197  0.23024115964523226  0.26488175504441297
  0.28953109461702131  0.30953091868925270  0.32633344506341000  0.34075517479839385
  0.35350956530862571  0.36505341154148407  0.37589326390287187  0.38597810975456981
  0.39543450608598274  0.40418208001702238  0.41277946768773693  0.42072004134210411
  0.42841016134856080  0.43577081152773844  0.44283001985513698  0.44963146991304748
  0.45612627062762995  0.46231096738222066  0.46829381253395497  0.47427165446560221
  0.48020543601814875  0.48605681708156118  0.49176091365766184  0.49732457426218990
  0.50278814614185874  0.50821131502879313  0.51363583525507717  0.51905464607044915
  0.52442834698875762  0.52966153899487090  0.53470575607863025  0.53963664102569064
  0.54435640199072111  0.54899293007152783  0.55362356218611175  0.55826466221832660
  0.56281521065775908  0.56735123615161764  0.57191041995999503  0.57650372765562719
  0.58112921692530739  0.58576645118089188  0.59035732615300440  0.59490226446811290
  0.59941110286140464  0.60388398989738334  0.60833936148285150  0.61283309329295099
  0.61739335179822163  0.62196859740054700  0.62649972897243356  0.63099544031826427
  0.63545173507953046  0.63991707974921097  0.64437672054396333  0.64884610487653716
  0.65324957348005241  0.65770812245027199  0.66213589878024437  0.66668305893294899
  0.67129385705923095  0.67596964604534304  0.68064110492844887  0.68532998418648339
  0.69009218357852464  0.69496164463559240  0.69992868230217997  0.70490801685538684
  0.70986817083316733  0.71492652383347466  0.72013341875304404  0.72543500452561904
  0.73083271200548861  0.73621788070089811  0.74172511582178624  0.74739632232812914
  0.75334929750648816  0.75951812316240308  0.76589304879277664  0.77254521520107555
  0.77956035277866675  0.78681205910355956  0.79440448427127053  0.80256889727723968
  0.81135119008919132  0.82108129244589623  0.83204880029336414  0.84479380352956035
  0.85979082503240267  0.87878603778907260  0.90974264613287448  1.00000000000000000
   7.2705288657787467E-012  -1.0000000000000000     
 F F F F F F F F
  <DiscreteSampler_grid>
  grouped_processes
  1 # 1 for a reference and 2 for a running grid.
  10 # Attribute 'min_bin_probing_points' of the grid.
  1 # Attribute 'grid_mode' of the grid. 1=='default',2=='initialization'
  0.0000000000000000 # Attribute 'small_contrib_threshold' of the grid.
  0.5000000000000000 # Attribute 'damping_power' of the grid.
 # binID   n_entries weight   weight_sqr   abs_weight
    13   10   2.786999353372506E+004   1.644134151247554E+009   2.786999353372506E+004
    14   10   2.786999353372506E+004   1.644134151247554E+009   2.786999353372506E+004
    16   10   8.205074833944531E+003   1.424902295826153E+008   8.205074833944531E+003
    17   10   8.205074833944531E+003   1.424902295826153E+008   8.205074833944531E+003
  </DiscreteSampler_grid>
