 -0.00645514062547524  0.03620646396552867  0.06033386578207973  0.07897183422066947
  0.09535863407516178  0.11074516555523826  0.12523978709998088  0.13840911686998092
  0.15063747038599193  0.16277843484377386  0.17474373979563482  0.18651892156304847
  0.19789006502057177  0.20862495467685246  0.21867711308583790  0.22844067450941474
  0.23790616861355410  0.24726159894109384  0.25646455752363750  0.26555035100828922
  0.27439966362087709  0.28302923906846295  0.29181248412480382  0.30064065960557779
  0.30932124907958292  0.31759585589573103  0.32567247961964374  0.33372363108225361
  0.34155376505525525  0.34918415411002857  0.35667881357122200  0.36429867541820771
  0.37213396330140153  0.38003442484436056  0.38796120688788804  0.39580004162748506
  0.40360095366571835  0.41124107666993631  0.41872929676675674  0.42606587612789071
  0.43363077784608650  0.44147134314211850  0.44960191507568981  0.45762673294489142
  0.46566900148024237  0.47381569055547007  0.48228103517914594  0.49112631809212892
  0.49988007989990063  0.50820658947249342  0.51624235190910817  0.52428003353058583
  0.53260069207363248  0.54077580223873734  0.54865977957296452  0.55642216228857733
  0.56434747008697628  0.57251770772011090  0.58092571864251241  0.58958695359231661
  0.59853283758903775  0.60726315693113797  0.61554952094387727  0.62352070568093210
  0.63152033382225436  0.63977978943502867  0.64809157768468029  0.65630378991232186
  0.66448917550510789  0.67278558346889261  0.68092729249601258  0.68876301760963510
  0.69689501061870218  0.70510354984487900  0.71407924476640661  0.72323351496849753
  0.73267974603168218  0.74228409959686925  0.75206055507314140  0.76196152315486154
  0.77180209526387400  0.78176901929491038  0.79181906433856653  0.80218612890555629
  0.81287686601621389  0.82407692067587879  0.83578206525386578  0.84804499823775770
  0.86080852350436932  0.87418822940929852  0.88858507903800932  0.90411208750794647
  0.92082702046315035  0.94038750416033245  0.96505970640627736  1.00000000000000000
 -0.00290698366328734  0.01093656965498420  0.02199761751629356  0.03230534334719103
  0.04220165431156479  0.05205578759756050  0.06193706318052813  0.07203689130226872
  0.08201810969309170  0.09268131553082214  0.10354947703445436  0.11354386682875502
  0.12411469856139365  0.13404551324693648  0.14406331921215626  0.15387709939376196
  0.16376924362190914  0.17339850062683976  0.18343506687911237  0.19377002264071558
  0.20442433881185396  0.21462408330325966  0.22524710553731117  0.23553203228187924
  0.24595540580340408  0.25614293374645752  0.26681030324791638  0.27782849365751450
  0.28914173137566196  0.30058138107297883  0.31177981884612344  0.32270140840144496
  0.33352452777747676  0.34447275845832814  0.35552284183715260  0.36668298986459419
  0.37785159888463793  0.38866834212112683  0.39941148808602361  0.41006182692224091
  0.42097050190621732  0.43208404944885809  0.44329053220057035  0.45465226316144242
  0.46589204690978164  0.47674192973068724  0.48720307588479583  0.49728497424568902
  0.50707361923984984  0.51662769347084869  0.52642770547734186  0.53663256581870256
  0.54693587463534477  0.55722800008310558  0.56735169879729230  0.57729289170257814
  0.58717740231424187  0.59715190738749957  0.60744882403475964  0.61794774279656572
  0.62831245801093727  0.63857770986950324  0.64887530494795564  0.65951383211243708
  0.67022062496102408  0.68129721305437518  0.69195150844093467  0.70304120472156584
  0.71395028539500160  0.72555835659751378  0.73747787861006087  0.74960738105605229
  0.76102020561023642  0.77229943230026432  0.78365007788356644  0.79469697406802509
  0.80570351203834434  0.81701308493423141  0.82844601395032536  0.83951861656696558
  0.85006996714132221  0.86050030965533919  0.87099189880058014  0.88188339810779059
  0.89287521342340859  0.90319665118768167  0.91306685428553436  0.92295270101388449
  0.93295200893592189  0.94268709469262002  0.95193736346210323  0.96117559783804196
  0.97085708916942637  0.98079115978266274  0.99047873314825485  1.00000000000000000
  0.95811602664221585  0.95897474470288313  0.95945622730927693  0.95983495285212117
  0.96016665393541101  0.96046015280262431  0.96072729385637867  0.96097229371340620
  0.96120477674220361  0.96142664529552047  0.96163471602688522  0.96183190859751033
  0.96202155948482615  0.96220655735138472  0.96238849454503295  0.96256562653866473
  0.96273888563810994  0.96290418772777020  0.96306247779917942  0.96321449967624539
  0.96336364799091501  0.96350765840014985  0.96364674848255361  0.96378250613891436
  0.96391609073810203  0.96404741758184220  0.96417641017252609  0.96430371966856265
  0.96442882878559322  0.96455209533092379  0.96467340034391635  0.96479201851640628
  0.96490680293495068  0.96501997009051099  0.96513314172215303  0.96524444543826127
  0.96535567176303316  0.96546488386182050  0.96557194737426455  0.96567800989835539
  0.96578295033549022  0.96588608392631548  0.96598817935497250  0.96608968183951383
  0.96618946838575948  0.96628664906435324  0.96638244537413565  0.96647878898593109
  0.96657158240261398  0.96666449305735003  0.96675621541204770  0.96684688181117318
  0.96693692171238477  0.96702534627333581  0.96711195570368913  0.96719859450700951
  0.96728489999469625  0.96736905412217722  0.96745185597617012  0.96753331042222268
  0.96761454596420315  0.96769575183789092  0.96777661228370693  0.96785826205597747
  0.96794029534465242  0.96802182029004835  0.96810202155759306  0.96817996178538979
  0.96825629170092553  0.96833194567529124  0.96840662269476518  0.96848130646977260
  0.96855529173138155  0.96862961498270039  0.96870397944983522  0.96877785610655742
  0.96885138489591782  0.96892208800017665  0.96899315016629384  0.96906373904837817
  0.96913395950502390  0.96920420944694663  0.96927388197100861  0.96934224835420346
  0.96941062226412444  0.96947843202294914  0.96954540827927349  0.96961175686569634
  0.96967817035285675  0.96974381247238939  0.96981032278918811  0.96987545615057535
  0.96992216227321371  0.96997336309427540  0.96997742880493731  1.00000000000000000
 -0.01719954941128892  0.10856014768558887  0.14770136561656425  0.17328564579723432
  0.19517263748429003  0.21506112246378706  0.23285752363074252  0.24896743049467729
  0.26398072283125545  0.27777893318419228  0.29056193001005104  0.30274760657502858
  0.31436706404027620  0.32557292507108121  0.33660009953422254  0.34731446004671240
  0.35778559337620913  0.36838418139984197  0.37889256994511739  0.38907074205942088
  0.39874651732952765  0.40816652278990811  0.41749873954082101  0.42677118155990923
  0.43599521437353883  0.44538741702015433  0.45452655348824039  0.46333789776926376
  0.47187886976291560  0.48035905745788926  0.48884060182035716  0.49715436124579693
  0.50525481478424006  0.51327270183005458  0.52135435722114587  0.52943770160849479
  0.53731398211272419  0.54499935488315310  0.55249997245598093  0.56027244915162611
  0.56861431403822660  0.57684955752853262  0.58477808105661722  0.59221262784191153
  0.59972201705065342  0.60703169508624288  0.61425627163459318  0.62128405327266312
  0.62821322403599067  0.63499867800127441  0.64177430133037627  0.64863257441598143
  0.65541548373235825  0.66205318277986591  0.66866749799064262  0.67536280611373467
  0.68211944103889199  0.68875684691979810  0.69510745108148586  0.70143560996114018
  0.70782877272763578  0.71406080653881865  0.72076215132522414  0.72740099243176803
  0.73384802380197589  0.74010942153242543  0.74626111476916424  0.75214839011956625
  0.75784544986322844  0.76346471568486540  0.76907039987070946  0.77473384994327110
  0.78036094594168925  0.78581772390817317  0.79139477621063359  0.79678605310759976
  0.80233795812647635  0.80783846259800107  0.81337364385535926  0.81915905018795077
  0.82521829783468759  0.83138898977084097  0.83757232392715819  0.84365326952787401
  0.84951882305767945  0.85569823175373028  0.86255267738083263  0.86976207998397137
  0.87752236388157090  0.88571944566078553  0.89444990878126318  0.90423826376329086
  0.91554335631820494  0.92980377323340146  0.95183593526535215  1.00000000000000000
   1.8798839153141012E-007  -1.0000000000000000     
 F F F F F F F F
  <DiscreteSampler_grid>
  grouped_processes
  1 # 1 for a reference and 2 for a running grid.
  10 # Attribute 'min_bin_probing_points' of the grid.
  1 # Attribute 'grid_mode' of the grid. 1=='default',2=='initialization'
  0.0000000000000000 # Attribute 'small_contrib_threshold' of the grid.
  0.5000000000000000 # Attribute 'damping_power' of the grid.
 # binID   n_entries weight   weight_sqr   abs_weight
    13   10   1.380656574327892E+004   3.431073767938930E+008   1.380656574327892E+004
    14   10   1.380656574327892E+004   3.431073767938930E+008   1.380656574327892E+004
    16   10   1.696894574910077E+004   5.136680291018850E+008   1.696894574910077E+004
    17   10   1.696894574910077E+004   5.136680291018850E+008   1.696894574910077E+004
  </DiscreteSampler_grid>
