 -0.00390079193901957  0.02161648592162406  0.03152669901154587  0.04185297941279744
  0.05242930565621012  0.06233076584488949  0.07229749589245503  0.08251853929338793
  0.09234462833028748  0.10189793078637628  0.11134662442698530  0.12062138108407351
  0.12984363056457188  0.13946859986259852  0.14895952337126930  0.15822712847575285
  0.16759777886656585  0.17696656203740019  0.18606193824000014  0.19503946462405622
  0.20401022796788265  0.21288094237757688  0.22158543860818897  0.23005556446074521
  0.23827543099315041  0.24637470594306199  0.25441102468230203  0.26250397022543376
  0.27084416304236314  0.27919665799699817  0.28749792548124492  0.29574178674087392
  0.30401761988250631  0.31230498692368641  0.32061016906936762  0.32892103422248109
  0.33721483377471206  0.34547123150279146  0.35365838202261352  0.36188318655839580
  0.37017744713393907  0.37831909777355754  0.38645008831983668  0.39460002220041573
  0.40273682244691211  0.41077924624471979  0.41872672709397074  0.42681640459638465
  0.43512484593308964  0.44353914022465851  0.45198655418254824  0.46036899575407603
  0.46860611669266872  0.47680058570845663  0.48502953798698401  0.49306747715315791
  0.50107811463582719  0.50925605484346825  0.51769849924084654  0.52625864130853972
  0.53511140189424178  0.54453771178049426  0.55406323445179417  0.56361442535524964
  0.57339013089649649  0.58292670049771633  0.59214282709861776  0.60123037813606839
  0.61035898352244977  0.61980583094586328  0.62936536311783042  0.63900870316323521
  0.64873921188516559  0.65845964959958458  0.66826194379172543  0.67852343283828886
  0.68879473895074761  0.69906787029372042  0.70953742463730574  0.71994720280737756
  0.73054489210709395  0.74165690617381130  0.75335368924102686  0.76525253436421004
  0.77809991066980722  0.79127736447381392  0.80473333909442901  0.81838267302440615
  0.83263632184656722  0.84793325121789842  0.86416516151589928  0.88173060004050741
  0.90144030480630821  0.92444605470724905  0.95685173802925294  1.00000000000000000
 -0.00253365481592629  0.00965544394502591  0.01983765868887213  0.03072176458957326
  0.04141128195601825  0.05146415313863578  0.06130211285432555  0.07129800873745853
  0.08144196816973054  0.09170111303682150  0.10237559702178153  0.11327392656276229
  0.12402357119931091  0.13475023866284871  0.14565708827891383  0.15669530603297285
  0.16780226161506900  0.17879323876464220  0.18949683433032388  0.19971530885574479
  0.20984844925028462  0.21980691117042150  0.22951567104727891  0.23885331469388338
  0.24861507060053686  0.25868599371285333  0.26903062823006352  0.27895946655054071
  0.28872082473859600  0.29823638273989034  0.30799939780783836  0.31766532860488317
  0.32718358149425564  0.33648005610125109  0.34591918560636320  0.35578210763702656
  0.36606413606220045  0.37640516752693276  0.38658785383717315  0.39675853635589292
  0.40694207654735726  0.41713493620329561  0.42735074505553178  0.43753099701343168
  0.44758499464752399  0.45763667164155208  0.46794960511103673  0.47839300532822154
  0.48887030393354569  0.49949760848396274  0.51003384119134720  0.52045180697147930
  0.53097608923511608  0.54170715172143324  0.55245800436346304  0.56307366857538577
  0.57362940100830262  0.58428748438912070  0.59504852396962338  0.60570630045052454
  0.61618235126983700  0.62665015396166179  0.63733547499333032  0.64818320777458627
  0.65913425843381157  0.67043470846978581  0.68217002650514658  0.69415819796835110
  0.70629751817462827  0.71828072483764227  0.72966717212836574  0.74051625881069794
  0.75101263245973937  0.76147649601386258  0.77209337746203699  0.78305448030315583
  0.79377147045048102  0.80419743054259674  0.81477174540651276  0.82543926430294967
  0.83631308385991521  0.84728665142312554  0.85850891762890813  0.86969956603755971
  0.88079618515852587  0.89198822452690785  0.90294024368679271  0.91376924383164626
  0.92444054643850648  0.93511493767457676  0.94591150693631509  0.95635165113898768
  0.96678285334921665  0.97725222948661039  0.98844532627242188  1.00000000000000000
  0.01359370720176742  0.06487062926794471  0.08998979472572663  0.10898186191192516
  0.12515668932493207  0.13928721477493855  0.15261893700532481  0.16549103409232521
  0.17738841233536345  0.18852703698044815  0.19933883564574034  0.20956888909773005
  0.21909691041597207  0.22794294754418842  0.23637038027685764  0.24458806779961614
  0.25274075056237227  0.26059734484857494  0.26821278597337977  0.27557742723426870
  0.28296153321592338  0.29037446676884504  0.29779327647164805  0.30510801758028117
  0.31235772529436623  0.31940818278378863  0.32625077283380127  0.33291792972180256
  0.33941114765709302  0.34586066017904049  0.35237766734672482  0.35894176525474214
  0.36550355860995326  0.37200818964554483  0.37850487296183666  0.38514877007856196
  0.39181202523138586  0.39862146658196651  0.40551913582734800  0.41207227600743868
  0.41842941552892560  0.42456616738554454  0.43088025772698607  0.43727953303394734
  0.44358925594719628  0.44983135251896583  0.45596265932476809  0.46176542317506530
  0.46723155725783377  0.47291816539956566  0.47873212073480931  0.48451372555271727
  0.49006718529128718  0.49565512290619845  0.50133486746437550  0.50724397090905482
  0.51311641991957380  0.51900598763123107  0.52506774781688781  0.53129535902470881
  0.53763723074372505  0.54411260998072564  0.55075909509865606  0.55749777657762667
  0.56417184461685965  0.57087322626966908  0.57758074604515741  0.58449577711374645
  0.59172243589091089  0.59914134439231959  0.60682032955052911  0.61429164170117534
  0.62191298545357387  0.62954050241947812  0.63731056582918166  0.64501838661140087
  0.65266518921991690  0.66048352329711313  0.66852599539610924  0.67654116868545178
  0.68454610808579386  0.69274816090714475  0.70138182403516602  0.71038625329223748
  0.71976840488150218  0.72960095811879688  0.74050922685355935  0.75206613405442180
  0.76426406908281130  0.77733535422098254  0.79206301922249123  0.80904419411964335
  0.82965651100284077  0.85562037694137283  0.89442065675787785  1.00000000000000000
 -0.01940324265205738  0.13390796967303550  0.19586222973544523  0.23696029157354240
  0.26471783130303850  0.28602885172160275  0.30394031200305965  0.31918874190235097
  0.33295129330815770  0.34466047949067014  0.35581761789401567  0.36657366829137428
  0.37709502744995155  0.38694349114283438  0.39617105816503800  0.40479980547000655
  0.41311926225008677  0.42102496427952391  0.42849845107411227  0.43595693010596986
  0.44324200527555102  0.45040149473780694  0.45739257731449851  0.46416265813795560
  0.47064111440130085  0.47690592815359062  0.48303836043895659  0.48912142779430001
  0.49509834639936834  0.50084250625198989  0.50629581649747912  0.51167450056813701
  0.51704280143939452  0.52231407131256391  0.52744971616361347  0.53256621462775700
  0.53763859445372264  0.54262835642736729  0.54773144628916359  0.55267953744675724
  0.55759064985144824  0.56252575980147779  0.56748771944648557  0.57250263109379662
  0.57742270763070447  0.58227552969558505  0.58705581482034652  0.59179348022727196
  0.59651249434607700  0.60122290222665675  0.60592294139057545  0.61048594885007590
  0.61504700568241688  0.61960689203035324  0.62418465153979663  0.62884238563142192
  0.63358363988583577  0.63832416823040428  0.64305616655484277  0.64787738541608586
  0.65279559478285987  0.65767484844858148  0.66252970174467962  0.66739030940435873
  0.67219952614299083  0.67701716058278405  0.68179776976307693  0.68661531713168600
  0.69147943159055447  0.69639782763186442  0.70141143487555369  0.70658364726149592
  0.71195697401280333  0.71742509499412155  0.72295547334612897  0.72854946468113191
  0.73433179705873464  0.74027919209680859  0.74619517054598494  0.75224447520703552
  0.75838251363926212  0.76461563955117240  0.77113234227268035  0.77797037064431729
  0.78519302676382563  0.79298651865118086  0.80151284780014642  0.81063301274270272
  0.82041222797846280  0.83099052291700559  0.84251976408415674  0.85538432431626565
  0.87009815149479408  0.89009067256583374  0.92345937812819034  1.00000000000000000
   1.4525459117625700E-011  -1.0000000000000000     
 F F F F F F F F
  <DiscreteSampler_grid>
  grouped_processes
  1 # 1 for a reference and 2 for a running grid.
  10 # Attribute 'min_bin_probing_points' of the grid.
  1 # Attribute 'grid_mode' of the grid. 1=='default',2=='initialization'
  0.0000000000000000 # Attribute 'small_contrib_threshold' of the grid.
  0.5000000000000000 # Attribute 'damping_power' of the grid.
 # binID   n_entries weight   weight_sqr   abs_weight
    13   10   4.046366401267749E+004   2.794475192137555E+009   4.046366401267749E+004
    14   10   4.046366401267749E+004   2.794475192137555E+009   4.046366401267749E+004
    16   10   1.190847550348234E+004   2.420125123226802E+008   1.190847550348234E+004
    17   10   1.190847550348234E+004   2.420125123226802E+008   1.190847550348234E+004
  </DiscreteSampler_grid>
