 -0.00388500601575351  0.02133477637600411  0.03120217523920616  0.04133360815934090
  0.05132811555383560  0.06140724513944693  0.07136125381635214  0.08132524407785385
  0.09116297769155039  0.10100583946494156  0.11057004223932058  0.11986750767249039
  0.12907042371944988  0.13812054158755357  0.14719536663205590  0.15633092860333139
  0.16557266908602208  0.17499029587314091  0.18444984794686631  0.19356637080341305
  0.20222270430047071  0.21067106596793439  0.21926758283717546  0.22810955583041020
  0.23697747219454635  0.24574194458944149  0.25428311280082427  0.26276416329896546
  0.27093398183220763  0.27915734457052926  0.28736344376019729  0.29550649659814415
  0.30378171900442913  0.31215455646865398  0.32052511392633853  0.32888364222233252
  0.33743073688774278  0.34602062221985547  0.35449959258575492  0.36291688608567158
  0.37117803837224783  0.37940352059024252  0.38780988012767692  0.39629410516544589
  0.40460267954651047  0.41305038931753307  0.42146439719444884  0.42982192970763378
  0.43815564706442145  0.44643966427024856  0.45459763429691330  0.46263168569178048
  0.47071743358323820  0.47888514588627262  0.48698422075183401  0.49519918209714914
  0.50350997083336868  0.51196023427317372  0.52065258749411003  0.52954962850435461
  0.53823504375151532  0.54692524353034289  0.55568359742331175  0.56454735704596659
  0.57353802926195774  0.58264393928270897  0.59181472461713003  0.60098422565780685
  0.61025217055316516  0.61948496911393958  0.62867361077348471  0.63785891971407660
  0.64728231677644921  0.65704015804023019  0.66701326597405819  0.67705498684151122
  0.68712255969450953  0.69713588457263398  0.70774579521579939  0.71859375271888315
  0.72953608316698948  0.74067818683529563  0.75215119785991003  0.76385805393211959
  0.77636367378616744  0.78956915578324649  0.80329593086936557  0.81753425781696931
  0.83252849335031420  0.84860091234026302  0.86562038924105988  0.88369186987217208
  0.90363343491337789  0.92843923928299021  0.96006344237540797  1.00000000000000000
 -0.00277645003454350  0.01023117890476958  0.02091615927864360  0.03094723271178339
  0.04106580451806320  0.05114383491481760  0.06143481811971518  0.07174171000700122
  0.08209371414252166  0.09281614115406481  0.10375690038379860  0.11445320866327090
  0.12514181333932275  0.13539254112049856  0.14573397141178257  0.15609019230094620
  0.16656866241654050  0.17723517188881807  0.18805268217400284  0.19956307671085094
  0.21110317878996110  0.22242145031285873  0.23392720833360159  0.24553014857905925
  0.25618601343126041  0.26630636753509301  0.27661629495709600  0.28724288070271886
  0.29763185045021040  0.30782004895861598  0.31764120773300364  0.32774109520043526
  0.33801942431649545  0.34869139408179567  0.35884852174431869  0.36881137362793570
  0.37929634742707230  0.39090133520458292  0.40260717378809602  0.41430999249022438
  0.42503725014045812  0.43560411230747853  0.44664400237179164  0.45774362402034402
  0.46851405196846396  0.47868997972253990  0.48939531997678176  0.49979261819891002
  0.50977738740474432  0.51981020009452905  0.53036859584567397  0.54087363093198271
  0.55116337865999665  0.56168978403941472  0.57238865410218198  0.58316494826253173
  0.59313696965301110  0.60321083546664533  0.61383246426362581  0.62457108308155851
  0.63450159024507546  0.64451920225704828  0.65469923799029162  0.66508793240715613
  0.67547250598699604  0.68555181175779878  0.69571402261291870  0.70580977945803025
  0.71641236619058124  0.72715570440753041  0.73780108355457308  0.74811464740857059
  0.75861908516126297  0.76918702624341551  0.78014513023724541  0.79080999803922480
  0.80148968866427139  0.81189149241372738  0.82249074305264014  0.83320295076923956
  0.84386205545762794  0.85472981347076071  0.86548258426891866  0.87603481551268614
  0.88604834295472168  0.89592896465730398  0.90588226620563017  0.91611760100031669
  0.92674605520418407  0.93722287838518403  0.94771765851305734  0.95819054313784846
  0.96876574108694136  0.97959004801805649  0.98982415884089003  1.00000000000000000
  0.01383007003009035  0.06474329950354359  0.09152238510762266  0.11105822372050148
  0.12688581616639666  0.14026157142727733  0.15257595078621619  0.16407849875556366
  0.17510115878734747  0.18549618939326962  0.19558178722916586  0.20554869628101574
  0.21510466772801098  0.22419415962635372  0.23292512848361349  0.24130929786488634
  0.24947149971485894  0.25738500311832402  0.26514491308506882  0.27299459485353383
  0.28087211517520161  0.28863533995922447  0.29614074412522323  0.30341310466024329
  0.31065109270424041  0.31767597485502513  0.32432658597674657  0.33097847135453090
  0.33734575015373908  0.34366805493469738  0.35000844093207800  0.35657931772231094
  0.36319591299003601  0.36966812787095277  0.37610432097426288  0.38265648976532773
  0.38935044279932191  0.39614181465155690  0.40289309530037659  0.40936667410849831
  0.41598868757922497  0.42191064593867916  0.42800914321378986  0.43420025349988073
  0.44035128886983105  0.44634082640998524  0.45224609714336955  0.45809639860749307
  0.46392233693492657  0.46975388735803314  0.47556638719503885  0.48145831495111741
  0.48755015253855427  0.49356462826691427  0.49958368170101597  0.50575546142986494
  0.51204520621992389  0.51831244856583447  0.52465541830276252  0.53108208013379543
  0.53747255646661762  0.54380765120263930  0.55006699000147907  0.55630680972277247
  0.56268246925236765  0.56923214312766679  0.57590996250462612  0.58275565411443941
  0.58979260119118837  0.59689141705512738  0.60395737681784567  0.61139467885361432
  0.61903868224565928  0.62690393544321277  0.63464696968108125  0.64245060531464915
  0.65031271325561479  0.65824510628982247  0.66626072174255913  0.67434172174461093
  0.68257938110524419  0.69121051880577222  0.70003459253428613  0.70910655924407584
  0.71865957246030254  0.72863985765196015  0.73940771569681929  0.75087008560486046
  0.76311280911441903  0.77673506811192561  0.79203689683944833  0.80916631749172940
  0.82967473732140729  0.85468807426067783  0.89366272035452343  1.00000000000000000
 -0.01812248883444398  0.13085551817717028  0.19187921248086279  0.23233506090309394
  0.26148494505409653  0.28377934488610396  0.30226673808455512  0.31832753556530197
  0.33256662802570214  0.34480898479277439  0.35634070438473736  0.36677590718961539
  0.37686130898840042  0.38619320844385147  0.39515904361240228  0.40360298889429336
  0.41179027565440673  0.41978580346835709  0.42772769363668073  0.43548245982521033
  0.44301486312223121  0.45031576334092965  0.45736572069985360  0.46409110019872230
  0.47056428981002446  0.47691241906631471  0.48298820675909615  0.48882226608035678
  0.49457806254872039  0.50025886798309083  0.50587542257461549  0.51142927248893866
  0.51689984133859157  0.52233080121949305  0.52776517773664300  0.53312113322575083
  0.53844337539389242  0.54367478116956103  0.54888480157035757  0.55410237853580357
  0.55924400419977627  0.56417283110514038  0.56902243084061077  0.57391073910415979
  0.57884957882908183  0.58381890020884597  0.58878577335689664  0.59364511236302386
  0.59847437920937274  0.60330223341658518  0.60815340735083911  0.61301917554994045
  0.61792067049606769  0.62280777734662518  0.62761566182447770  0.63237885465627941
  0.63723947930697722  0.64219446657578794  0.64696086263633479  0.65156370207881165
  0.65611617707236891  0.66071181505248144  0.66540969807642114  0.67017908273332005
  0.67493964661900552  0.67964710948605989  0.68438794445373652  0.68929836246067955
  0.69434806866641230  0.69952259493975333  0.70465922449323304  0.70989824982692795
  0.71527941912938453  0.72075115935669831  0.72632756916093177  0.73199136395612285
  0.73783371719439617  0.74376178762762646  0.74971673009582662  0.75571478681497140
  0.76173997107329827  0.76796524904271657  0.77462024902209703  0.78163177484741320
  0.78888232597469499  0.79653200378695543  0.80473034565140322  0.81347747649543878
  0.82283220850663097  0.83276751167977536  0.84367358620958000  0.85611457849017714
  0.87057674029306653  0.88982585430179206  0.92088425655370909  1.00000000000000000
   1.1366965924704961E-011  -1.0000000000000000     
 F F F F F F F F
  <DiscreteSampler_grid>
  grouped_processes
  1 # 1 for a reference and 2 for a running grid.
  10 # Attribute 'min_bin_probing_points' of the grid.
  1 # Attribute 'grid_mode' of the grid. 1=='default',2=='initialization'
  0.0000000000000000 # Attribute 'small_contrib_threshold' of the grid.
  0.5000000000000000 # Attribute 'damping_power' of the grid.
 # binID   n_entries weight   weight_sqr   abs_weight
    13   10   3.138901997472840E+004   1.475995213015928E+009   3.138901997472840E+004
    14   10   3.138901997472840E+004   1.475995213015928E+009   3.138901997472840E+004
    16   10   9.242415255928983E+003   1.279470256001411E+008   9.242415255928983E+003
    17   10   9.242415255928983E+003   1.279470256001411E+008   9.242415255928983E+003
  </DiscreteSampler_grid>
