 -0.00389161032884896  0.02148141382148778  0.03144688366184575  0.04141909669297538
  0.05141829778742022  0.06144146821600708  0.07120326749394916  0.08091924062597634
  0.09085602091922129  0.10079895353409563  0.11032795857285808  0.11977662855505085
  0.12926071854940976  0.13829344505885868  0.14712778389535874  0.15602591799807930
  0.16507569108640205  0.17406386197234916  0.18285158378140884  0.19152611298314465
  0.20033891170008064  0.20925972213077446  0.21806130139819210  0.22668442695087024
  0.23532261351719805  0.24416408367375242  0.25318092600274567  0.26205657620165701
  0.27065063580162291  0.27910903241525803  0.28760992435331134  0.29612823516806736
  0.30456063448073539  0.31287881829189484  0.32109804841979933  0.32921518484297119
  0.33719136818377859  0.34529799149563251  0.35385232253204707  0.36225561740133999
  0.37054170224132610  0.37873869151052847  0.38689553846462621  0.39507505159875606
  0.40340369634058715  0.41193295512179684  0.42057695051550181  0.42924591574880211
  0.43793496539985066  0.44663328579434647  0.45516885168839150  0.46354087206181693
  0.47196761807424609  0.48048238075396987  0.48901529215946193  0.49756812412159013
  0.50621798596724910  0.51503032903320223  0.52401698142052178  0.53330787554489589
  0.54210210446403317  0.55090324495325871  0.55972436513159984  0.56851353108184133
  0.57735454726509272  0.58635298346552711  0.59539528090483718  0.60446090921624840
  0.61350170320080510  0.62255307326895926  0.63164584579249461  0.64082097914558189
  0.65014568148873109  0.65967199653701059  0.66933936505781633  0.67920570482565978
  0.68918028050222224  0.69923248057200860  0.70979979505477386  0.72081355601204911
  0.73207744044972201  0.74368845706891296  0.75571424618876626  0.76799680708712059
  0.78036187235171073  0.79299236120861483  0.80627360871757969  0.82041102629486684
  0.83544666454755223  0.85146849869867047  0.86861664507292857  0.88677993031804880
  0.90641186928507367  0.93004489137389390  0.96053372842449403  1.00000000000000000
 -0.00224377080251076  0.00957807287106017  0.01896194627590020  0.02907454095851898
  0.03888851423870483  0.04907952212329929  0.05933116625842184  0.07027506264114648
  0.08113088734358022  0.09226024385741892  0.10310594453763107  0.11405123657987183
  0.12489680662033024  0.13615692744884308  0.14714367831282951  0.15787906585728381
  0.16890008092408759  0.18056036570830200  0.19228996755718120  0.20408049332178516
  0.21524153057020257  0.22608186591554236  0.23657570611428749  0.24691372868380401
  0.25715801626300738  0.26749967963820387  0.27798857867940374  0.28851292486363062
  0.29890129056044074  0.30936508443026223  0.32007979543174625  0.33055104031085231
  0.34083522688988549  0.35100606085981878  0.36142324068761683  0.37202207356528499
  0.38273931945440859  0.39358994403800734  0.40449715766355943  0.41540815187205998
  0.42643268707049387  0.43737169105315210  0.44806549635451082  0.45837140338287674
  0.46832352979775810  0.47833811858352732  0.48855739178935925  0.49888026134178398
  0.50923927346852760  0.51987001503715224  0.53082809323936253  0.54171189105283513
  0.55237814099932814  0.56337913394024686  0.57475529970418582  0.58576904411579078
  0.59630479720656648  0.60668060209520758  0.61718488660375470  0.62764309653751837
  0.63776439731416934  0.64772458721513859  0.65750674205470316  0.66740616843127032
  0.67748211866014818  0.68785618280918315  0.69843499584810509  0.70881766053527795
  0.71896710266194508  0.72901630404016349  0.73913584795203524  0.74935611736549446
  0.75975921274946934  0.77032599478020791  0.78086752607270005  0.79145755234439674
  0.80213422947048252  0.81281373622647290  0.82328569218361658  0.83368700346028368
  0.84429047518162248  0.85476131616816198  0.86521987332226424  0.87569681394584498
  0.88662320615430412  0.89753123425924830  0.90806007181932302  0.91819919784190107
  0.92800713477403218  0.93770200625590694  0.94759295687706102  0.95746268552719616
  0.96786519700337681  0.97834120948546932  0.98903553188331672  1.00000000000000000
  0.01346141961958565  0.06555120060654479  0.09250500665265840  0.11198798669501013
  0.12817582306361647  0.14265602848912745  0.15557510400709099  0.16792379944704813
  0.17891405144762129  0.18961688976003141  0.19952445399076202  0.20882819858079613
  0.21782546777878820  0.22662893619496993  0.23534580101960748  0.24369870239858099
  0.25189722007010190  0.25997983431159311  0.26805111172092505  0.27586722533998537
  0.28321906062408891  0.29058343735501929  0.29784261683454438  0.30505295743237060
  0.31217887410188372  0.31905032214479501  0.32583295190530137  0.33252320307746230
  0.33905448386010872  0.34547118276319216  0.35192950482398627  0.35847132560564599
  0.36510053816156657  0.37173784395992604  0.37833563878090309  0.38490653224511007
  0.39143699423785272  0.39788037171186413  0.40411814334633378  0.41040906321300979
  0.41668076579062063  0.42287560773824984  0.42901316844024384  0.43506492909661876
  0.44100501613731485  0.44682900329890124  0.45267294677782571  0.45866757620719212
  0.46483257355731161  0.47108168886862983  0.47726367666339364  0.48335295447309290
  0.48947102291946232  0.49561717940065203  0.50179880641227637  0.50793237654620249
  0.51397951161385957  0.52003027430420490  0.52610614317289928  0.53220869861454345
  0.53831069099986761  0.54450035515482031  0.55084282433338716  0.55730363166207963
  0.56387279936759094  0.57056681673081511  0.57736075702730427  0.58423703625526147
  0.59117893870027360  0.59814422805692369  0.60512322358697934  0.61211207340104734
  0.61920057479055102  0.62633426369411593  0.63351475692000470  0.64077512551560467
  0.64826612917102167  0.65606600015561745  0.66412663471089051  0.67251355777956345
  0.68135819574139078  0.69036359478717946  0.69955877592497229  0.70884866002475089
  0.71866870578179298  0.72919078500927026  0.74016242326677462  0.75145293589049744
  0.76416408114494527  0.77802199491574331  0.79356530128124081  0.81090857725347565
  0.83077612381636723  0.85541301396354819  0.89428670496824725  1.00000000000000000
 -0.01924194423649164  0.13331279885682809  0.19431314565789426  0.23382069014036558
  0.26231017899559012  0.28421176612683696  0.30248426640350717  0.31845753711152619
  0.33277908665461586  0.34552707269495603  0.35710514302901264  0.36762135518344008
  0.37798335307989867  0.38759046103486111  0.39669331441874361  0.40492140082218209
  0.41282380957137832  0.42043325405625248  0.42765547669176518  0.43502152353782753
  0.44226597700206965  0.44932080679046638  0.45622352178340447  0.46259718180094017
  0.46883458718043536  0.47498336505594174  0.48113602216662982  0.48722311162318760
  0.49323128183385145  0.49919455019280423  0.50497616403928969  0.51064099611470060
  0.51617912844211777  0.52155767540726805  0.52683447745837808  0.53203619548363223
  0.53721408842581564  0.54244185898961239  0.54751962795094589  0.55263852173303885
  0.55768650479526005  0.56263901652097115  0.56747394000902263  0.57221863626916880
  0.57697133217635810  0.58172289989063297  0.58642437972922523  0.59112398938192567
  0.59588938741081587  0.60066991247445933  0.60551509271732817  0.61025873416895016
  0.61500147223010571  0.61975019777959484  0.62442259665924904  0.62912746655029439
  0.63381088208337022  0.63859567131859252  0.64346393833815829  0.64830942262639013
  0.65320147633456227  0.65806087966655513  0.66288880812159923  0.66776627392961241
  0.67257512714882828  0.67738682994597421  0.68226137807982112  0.68721546649669218
  0.69222726697014236  0.69725472857334070  0.70226186540222368  0.70731232598466842
  0.71257072295351120  0.71804512958738931  0.72356749668313913  0.72922810493024026
  0.73504884894295364  0.74099059862303074  0.74709000486816834  0.75351547976069599
  0.76019445524342300  0.76694842292141330  0.77387414487309159  0.78106753187082645
  0.78859250218129362  0.79649659251919280  0.80472182253793145  0.81331049293179314
  0.82236602337445419  0.83214815649600249  0.84323772855148649  0.85609621810423864
  0.87138725137913597  0.89112469763787783  0.92228970143556588  1.00000000000000000
   1.1291980697456770E-011  -1.0000000000000000     
 F F F F F F F F
  <DiscreteSampler_grid>
  grouped_processes
  1 # 1 for a reference and 2 for a running grid.
  10 # Attribute 'min_bin_probing_points' of the grid.
  1 # Attribute 'grid_mode' of the grid. 1=='default',2=='initialization'
  0.0000000000000000 # Attribute 'small_contrib_threshold' of the grid.
  0.5000000000000000 # Attribute 'damping_power' of the grid.
 # binID   n_entries weight   weight_sqr   abs_weight
    13   10   3.031104079335901E+004   1.422587649881355E+009   3.031104079335901E+004
    14   10   3.031104079335901E+004   1.422587649881355E+009   3.031104079335901E+004
    16   10   8.926246245168088E+003   1.233576904351974E+008   8.926246245168088E+003
    17   10   8.926246245168088E+003   1.233576904351974E+008   8.926246245168088E+003
  </DiscreteSampler_grid>
