 -0.00479655862592249  0.02738533211305391  0.04277163425663170  0.05729112947372894
  0.07077228469038588  0.08369347100111911  0.09610951355788287  0.10774657748279071
  0.11911006734695703  0.13024718533388385  0.14100788644260473  0.15145558030350662
  0.16164214422578788  0.17159642196372454  0.18122639324291567  0.19065357362042809
  0.20004765987065462  0.20945891984350837  0.21868298038406295  0.22757668039953469
  0.23636707628751594  0.24512057689737449  0.25376678537808350  0.26241910518881723
  0.27108554572454230  0.27960850913551039  0.28834767363531238  0.29697998885222121
  0.30548771049361134  0.31387484818337452  0.32215798542356666  0.33036000681044841
  0.33849496791896327  0.34656113144351836  0.35459092857706626  0.36250052271659222
  0.37032393536475594  0.37815808817260721  0.38596471420815731  0.39374321092099934
  0.40144685579277306  0.40915256405506617  0.41693764264885186  0.42476107444097572
  0.43261363565613425  0.44053860968446379  0.44856654730563239  0.45666333387811275
  0.46478227651068527  0.47274633865385340  0.48058110723592878  0.48842933122597526
  0.49621973217668275  0.50397835735597996  0.51182132774841449  0.51979061177524744
  0.52781669737788317  0.53578835818914972  0.54371687475422792  0.55171314838076913
  0.55980414524154443  0.56797957237837915  0.57625375387130739  0.58446314248856113
  0.59251624307268336  0.60067940407769893  0.60892772338347667  0.61732957371265118
  0.62580328966329590  0.63440286363073939  0.64312836340407908  0.65189524959834189
  0.66070988724578805  0.66969759956547970  0.67893428486212315  0.68837306048569735
  0.69804788961616604  0.70784689759344865  0.71769509057868119  0.72783498076720810
  0.73841818627043654  0.74932236428478416  0.76046771727600238  0.77197865391617004
  0.78385927991138060  0.79600175915412386  0.80850033789085229  0.82155241013625568
  0.83526903225373117  0.84967016033273590  0.86480290262747239  0.88124008640186813
  0.90053577195028578  0.92265802753200743  0.95367622255854534  1.00000000000000000
 -0.00257154717568392  0.00996290716012017  0.02084458034720131  0.03097567285857157
  0.04149780586481942  0.05151729883102034  0.06131022772628863  0.07148017728249616
  0.08152373630290867  0.09197957338011957  0.10256643032343146  0.11351873780536315
  0.12459060240966828  0.13521495661646105  0.14565562500102583  0.15590331227884804
  0.16622418139407014  0.17648494607945237  0.18675614439117194  0.19678298910230879
  0.20686930498134529  0.21736540119416750  0.22813277627273448  0.23884495773102676
  0.24979551882627948  0.26097509062434554  0.27205316990827755  0.28258821439754311
  0.29303166619254872  0.30363618113602103  0.31444867181143299  0.32529438277508793
  0.33616841152034399  0.34698509269870470  0.35768160012665068  0.36797168348644144
  0.37820136429080514  0.38840929819611086  0.39862833884879584  0.40913180655158654
  0.41971953092005343  0.43054737568432672  0.44116617592384466  0.45124405709315812
  0.46149921520403170  0.47169934020630488  0.48191511886156096  0.49224079253268194
  0.50268594988061033  0.51336094788711739  0.52383288433775899  0.53409917232683057
  0.54444550230445732  0.55493846888506837  0.56541606812857292  0.57588357900469966
  0.58642257419490207  0.59706222871075876  0.60780822801073697  0.61864695841852213
  0.62974944737512806  0.64109852867236128  0.65178622121712237  0.66215489019365503
  0.67249700133239299  0.68300586559574838  0.69334155817537746  0.70354072603392392
  0.71378769821589905  0.72403755553268312  0.73424715599847379  0.74452288972637992
  0.75493496341347088  0.76557296434503630  0.77606602508841727  0.78687175876869730
  0.79755522018617409  0.80820528984146578  0.81902191910522659  0.82969953758624337
  0.84031527136474604  0.85087085129064632  0.86165612357321242  0.87252158080297126
  0.88331443179737379  0.89405452163417731  0.90497374400876218  0.91640208913703625
  0.92671633145034171  0.93783201235983138  0.94811976777974838  0.95857516777118978
  0.96891961997982712  0.97910824180782918  0.98973095672428169  1.00000000000000000
  0.01116811653838159  0.07191185984618879  0.10078207127273232  0.12083337989879514
  0.13718223842797023  0.15116011146608976  0.16364275086469510  0.17538560925445135
  0.18655201154538709  0.19692112421264232  0.20662066631059509  0.21581405171462692
  0.22477917988774598  0.23353312568236628  0.24195394339309428  0.25013745141164201
  0.25805292090417026  0.26575493151736718  0.27319871313216221  0.28047819607640145
  0.28756291178402488  0.29455136192541598  0.30147743063064736  0.30829773435073604
  0.31505317290795276  0.32171132301911370  0.32833368280697067  0.33481231119554389
  0.34113835444831209  0.34743529328243855  0.35368593416004807  0.35980477710474351
  0.36576854927748442  0.37169627732250854  0.37768958434462468  0.38369294691838757
  0.38959951630939771  0.39548916602268869  0.40150272071667842  0.40765471588795060
  0.41382213732091794  0.41985382802261745  0.42568811062224338  0.43164477172150595
  0.43778371167038932  0.44385901326044686  0.44981623351485833  0.45570359456736875
  0.46157516635214313  0.46744816432257869  0.47333070239385161  0.47921258523928162
  0.48509231883275594  0.49102125582281309  0.49703491003981226  0.50309643133684268
  0.50917802505564735  0.51525876282895089  0.52124710939823260  0.52713242883455624
  0.53307388889424057  0.53898422877605712  0.54518835056935655  0.55138676398813413
  0.55769577622513278  0.56396729434816817  0.57025672047295128  0.57659739478231176
  0.58312064955023135  0.58983682808324100  0.59665279429174156  0.60341814722936382
  0.61023503757795861  0.61720552165063991  0.62436521314629845  0.63177835157470685
  0.63934444072307017  0.64706707955937581  0.65494930593137579  0.66298026126593135
  0.67123630542643964  0.67966632729168552  0.68849277422778943  0.69797606079020191
  0.70804471239081290  0.71845825607145919  0.72918851447378485  0.74047352818008383
  0.75246615358678826  0.76531198727849470  0.77962538419415517  0.79638860818482216
  0.81630525647555041  0.84127327137793251  0.88086035016878561  1.00000000000000000
 -0.03009873835937778  0.16201782825538746  0.22691362599243420  0.26233317627817226
  0.28780991894604419  0.30824419232944600  0.32557392037888183  0.34005760174957894
  0.35277200360088551  0.36437962171921007  0.37501749320355376  0.38470342025891735
  0.39385350860259799  0.40272932674048545  0.41128430656173648  0.41940041179361909
  0.42719509841333309  0.43473976051458085  0.44199738017875217  0.44896858475494367
  0.45579394932548428  0.46213274372036517  0.46823350276416398  0.47422373836614251
  0.48014380743051460  0.48594801507428809  0.49165418999261890  0.49729807606083209
  0.50285940981929067  0.50833844654283333  0.51373139180086647  0.51904578827990788
  0.52431914764422172  0.52953779127378875  0.53468431055361465  0.53978687747263276
  0.54477550152349485  0.54958310247695230  0.55439554874747698  0.55912734648762552
  0.56379990877777875  0.56848243771567541  0.57313565244268183  0.57779841702725221
  0.58239224687238100  0.58696717232729967  0.59153611666640948  0.59607230639958808
  0.60059561121705851  0.60509590911390798  0.60957048126279478  0.61406082570243470
  0.61855252672264849  0.62298588033592894  0.62738086565355966  0.63175271455132664
  0.63613414417258429  0.64051196734870952  0.64487848616852861  0.64923414554567971
  0.65362148747651128  0.65812573923890705  0.66265186046770075  0.66731328983177807
  0.67201531985456675  0.67672851619364427  0.68146859973005725  0.68625574924445398
  0.69107009127175567  0.69592519323239788  0.70084184416428441  0.70579901715765170
  0.71080533877469343  0.71587770345360702  0.72097890189961933  0.72611133379525894
  0.73132771473586267  0.73675260056647263  0.74229714035021233  0.74803595764518638
  0.75413166009527410  0.76038262501187925  0.76679744956445128  0.77347751483323901
  0.78057038978044091  0.78812153927805939  0.79604436381448063  0.80440982060218180
  0.81323605330124815  0.82301050432380451  0.83384477309067717  0.84608930514917091
  0.86065829507097757  0.87932061873590928  0.91029768349409268  1.00000000000000000
   7.2923389393671888E-012  -1.0000000000000000     
 F F F F F F F F
  <DiscreteSampler_grid>
  grouped_processes
  1 # 1 for a reference and 2 for a running grid.
  10 # Attribute 'min_bin_probing_points' of the grid.
  1 # Attribute 'grid_mode' of the grid. 1=='default',2=='initialization'
  0.0000000000000000 # Attribute 'small_contrib_threshold' of the grid.
  0.5000000000000000 # Attribute 'damping_power' of the grid.
 # binID   n_entries weight   weight_sqr   abs_weight
    13   10   2.110124437417370E+004   9.504818712401747E+008   2.110124437417370E+004
    14   10   2.110124437417370E+004   9.504818712401747E+008   2.110124437417370E+004
    16   10   6.213996638179409E+003   8.239692733690165E+007   6.213996638179409E+003
    17   10   6.213996638179409E+003   8.239692733690165E+007   6.213996638179409E+003
  </DiscreteSampler_grid>
