 -0.00494625511169138  0.02737522556060751  0.04268488149157539  0.05694739619714249
  0.07057503482708402  0.08292682905035118  0.09498513140611910  0.10641614341929638
  0.11729772141037491  0.12808049854056658  0.13850460643161011  0.14873168858164207
  0.15876349539667597  0.16844592412818576  0.17800359028289620  0.18743268824751930
  0.19669463819566199  0.20582638530993544  0.21499831064799405  0.22397459578205323
  0.23300851109502962  0.24190107942556843  0.25078066135995536  0.25949910808640181
  0.26789997270618915  0.27602865836223006  0.28427394945255569  0.29253478636650837
  0.30079783582380071  0.30910221303183688  0.31738752850988694  0.32549864783891330
  0.33348021184262217  0.34136730284190020  0.34915332817421585  0.35694661138980044
  0.36480721238900254  0.37253734270109568  0.38025963879017366  0.38798381143939031
  0.39568939398992847  0.40353366442312666  0.41140014413805087  0.41933234247994194
  0.42732438941192707  0.43535592372203469  0.44341924197663279  0.45145763820799645
  0.45935136853571318  0.46713222332989229  0.47501664132817184  0.48290763467535736
  0.49073479764179428  0.49876646563960680  0.50681727852882175  0.51470539827720052
  0.52258903689255864  0.53061116620081084  0.53865879994628629  0.54680960345589624
  0.55496198468515856  0.56301011212691854  0.57096874959294652  0.57891700441435334
  0.58703179419602602  0.59541992105986474  0.60382933842164532  0.61239598652893090
  0.62119633268568719  0.62989389180791244  0.63887169619364037  0.64815522843012596
  0.65762371626378191  0.66713927168949549  0.67663667595226473  0.68617367215203562
  0.69585686678113878  0.70564807634789106  0.71573554232427949  0.72607714695563452
  0.73639432287122697  0.74678079634028338  0.75747558915291680  0.76863717195734094
  0.78021959484415748  0.79220555335291876  0.80467697914306568  0.81772920864102239
  0.83155518638419934  0.84632617955743283  0.86199983248808909  0.87942067597251738
  0.89940271109318681  0.92273787611395652  0.95453186558464809  1.00000000000000000
 -0.00244658013553941  0.00971861901515096  0.01970258142206522  0.02990462930093775
  0.04016243513109012  0.05043436450900265  0.06087569428005936  0.07153763175407390
  0.08231132918785881  0.09269550541990840  0.10329566759126296  0.11467447746009402
  0.12597505998312197  0.13671814588877373  0.14753928683522205  0.15874591477832420
  0.16960828605434972  0.18011080483634934  0.19085421771314720  0.20137185226253457
  0.21176163304853129  0.22176778885250700  0.23198364473539090  0.24229078016826183
  0.25264719034814309  0.26322845530719424  0.27368631440323543  0.28435782667598064
  0.29505591436079726  0.30554012743227693  0.31573998948564264  0.32570916310761183
  0.33591680536616692  0.34622987353965007  0.35646826340777565  0.36652858955218814
  0.37649140922440305  0.38667319324871857  0.39705586053803632  0.40766991098406263
  0.41819094350397962  0.42877588722190230  0.43948458425449122  0.45025697910647933
  0.46105248368469420  0.47178644501436523  0.48252109585206221  0.49385956926991714
  0.50502905370967510  0.51613231457095865  0.52696103761934687  0.53807309283506677
  0.54901775127306529  0.56004438106871668  0.57057475474316499  0.58121677383376202
  0.59151055079836723  0.60176303991846358  0.61255249018341029  0.62267276321232412
  0.63293059225360182  0.64291530597681579  0.65363193844381295  0.66395602382752295
  0.67420689399369815  0.68430807726656195  0.69477045734455034  0.70516099171081992
  0.71523065195643931  0.72534449260659073  0.73543775696753400  0.74567886718742882
  0.75571686515590974  0.76571286455339438  0.77626018231100524  0.78706832949200989
  0.79792684977321660  0.80880025191937432  0.81953413653594531  0.83042557301573294
  0.84104330816305117  0.85145322937396817  0.86178673724269594  0.87202409733464492
  0.88238623250768522  0.89284581715456135  0.90328986343499074  0.91414978824579163
  0.92496909939494787  0.93592855620655313  0.94721739356093670  0.95858101528253770
  0.96901802873866938  0.97952568998829947  0.98992226461848831  1.00000000000000000
  0.01105248815015615  0.07202770136992952  0.10039334012758250  0.11977183721427050
  0.13546401635874855  0.14909991960617666  0.16145088771998434  0.17289351106717468
  0.18388450828176109  0.19429989777042628  0.20425613130678583  0.21380461364606781
  0.22318690777212624  0.23207808606777844  0.24079501682069460  0.24935691172718516
  0.25754052930385690  0.26557387247101860  0.27296755995683897  0.28003347488452801
  0.28697005527813302  0.29378050238600834  0.30055382992687235  0.30732103748007172
  0.31395615986155173  0.32053485595321546  0.32713190254023478  0.33363476024929195
  0.33994089509833808  0.34610154567235230  0.35226982618958858  0.35844112759405761
  0.36450519541502646  0.37046084034383880  0.37638913951218606  0.38232972640193336
  0.38824989291372819  0.39413703548391699  0.40002592118095015  0.40597920570735413
  0.41195915722972137  0.41785577220270009  0.42369482606951664  0.42949566233755093
  0.43534912630420347  0.44118097192555727  0.44707477323449352  0.45302510307065208
  0.45881020836674757  0.46445910423445763  0.47008813424814094  0.47572980611354182
  0.48137607695220769  0.48709540807976515  0.49289991440187947  0.49877859201918651
  0.50469820757668005  0.51059855341330773  0.51654358703586167  0.52262274722374491
  0.52884204685695002  0.53503180657363725  0.54119556671626823  0.54749037598099826
  0.55389692653238332  0.56035641684153570  0.56690213040157944  0.57347947243933728
  0.58006061401038067  0.58672838868790100  0.59358319796785552  0.60066103465575515
  0.60793454121331592  0.61538056489860704  0.62291659685711409  0.63050303484747483
  0.63818853101099471  0.64595392410767727  0.65404320773370539  0.66220409789409107
  0.67077203856063239  0.67967691992281121  0.68893355631711040  0.69866588509231642
  0.70862225841363990  0.71884934034706616  0.72922692301037262  0.74020053207602210
  0.75154725295649727  0.76405536218613612  0.77794438197527338  0.79486328615157453
  0.81433995596553455  0.83904474498672710  0.87931201034706730  1.00000000000000000
 -0.03023990812262596  0.16299814108000540  0.22706521345764044  0.26292558163958268
  0.28802390486124035  0.30779496202256917  0.32401896899664573  0.33796353466246526
  0.35084988154042468  0.36266823806324328  0.37361998391674484  0.38355226238485524
  0.39274066195674301  0.40136776428324988  0.40965474861028084  0.41765258939996641
  0.42530820538616060  0.43268796788995612  0.43968827675020844  0.44635198772052548
  0.45285273998031217  0.45920344105737099  0.46530684709509140  0.47124468189479157
  0.47705750011636594  0.48277966820863072  0.48828292531982476  0.49386188880917964
  0.49928586600079128  0.50479147055128815  0.51027842836226467  0.51570430305766424
  0.52104332992409663  0.52630369711727742  0.53148285149120311  0.53657279839650418
  0.54166378596233100  0.54671914118548248  0.55172934095260606  0.55672578561699104
  0.56158616465435685  0.56636860964579794  0.57103647714512118  0.57562206823640882
  0.58020350364956708  0.58483187265142567  0.58949928279055619  0.59417366921012127
  0.59885417339797442  0.60340544626872372  0.60795697962800788  0.61249748782842184
  0.61703247927329286  0.62161281327640250  0.62623320013068462  0.63087411278476169
  0.63557804500038828  0.64036969238167496  0.64521119224100465  0.64997960100496044
  0.65451803919823115  0.65912925321739124  0.66376498137737927  0.66842064031669590
  0.67307746235653176  0.67775010865698759  0.68244634207333188  0.68716889657857194
  0.69191955089541068  0.69671579148238083  0.70156169948073988  0.70648528799338062
  0.71150854792911322  0.71657975504533600  0.72165904593177077  0.72675008690845599
  0.73212148952216483  0.73774850960850602  0.74360551620251814  0.74956438708402073
  0.75562416230361718  0.76178823343685909  0.76822775450019198  0.77503215583255747
  0.78222705086322208  0.78971166233945733  0.79757131717975072  0.80570661458235238
  0.81417995985455782  0.82350080393316283  0.83395537391488006  0.84608555897239979
  0.86056968643972587  0.87944280403608366  0.91095922286521325  1.00000000000000000
   7.2941793612361972E-012  -1.0000000000000000     
 F F F F F F F F
  <DiscreteSampler_grid>
  grouped_processes
  1 # 1 for a reference and 2 for a running grid.
  10 # Attribute 'min_bin_probing_points' of the grid.
  1 # Attribute 'grid_mode' of the grid. 1=='default',2=='initialization'
  0.0000000000000000 # Attribute 'small_contrib_threshold' of the grid.
  0.5000000000000000 # Attribute 'damping_power' of the grid.
 # binID   n_entries weight   weight_sqr   abs_weight
    13   10   2.598466686834614E+004   1.346134292441026E+009   2.598466686834614E+004
    14   10   2.598466686834614E+004   1.346134292441026E+009   2.598466686834614E+004
    16   10   7.648655995708274E+003   1.166008288868748E+008   7.648655995708274E+003
    17   10   7.648655995708274E+003   1.166008288868748E+008   7.648655995708274E+003
  </DiscreteSampler_grid>
