 -0.00388215768097985  0.02171025747818662  0.03178996911002748  0.04195123706324847
  0.05204637832452194  0.06194203558330321  0.07216129892088619  0.08177786495711453
  0.09148670094931111  0.10131438283537975  0.11113617992618792  0.12037244956282019
  0.12951573088540183  0.13897086173424630  0.14850113440996468  0.15752257961053145
  0.16644186938287914  0.17549733071195472  0.18447154329957244  0.19323800730083479
  0.20193371494574666  0.21066758459867305  0.21944012226152088  0.22820848635946345
  0.23693660058301383  0.24566164385299671  0.25424726027779765  0.26267439711510271
  0.27091890664507778  0.27889607517040899  0.28683069122986227  0.29488305224469757
  0.30309069871668232  0.31146932727167959  0.32016049027442717  0.32899941811414979
  0.33780329124824265  0.34648919689039698  0.35497399848502398  0.36321638381838922
  0.37129324042484707  0.37930048596181470  0.38735406019980057  0.39546293836206659
  0.40361683068397375  0.41183324741774324  0.42019027376966417  0.42856509997667014
  0.43698482680410627  0.44541763263827011  0.45377896400180140  0.46208154285032077
  0.47043912684518002  0.47877761970423782  0.48728316133043315  0.49575812035092831
  0.50417806523300579  0.51264873291941626  0.52115991869685230  0.52966451005122761
  0.53839512189937955  0.54710262894781070  0.55574531668547700  0.56465535697095937
  0.57373594503746972  0.58286187265693168  0.59204730332659072  0.60142113260723828
  0.61083920676870473  0.62030197630558970  0.62980655397368512  0.63942823408920579
  0.64921247519193848  0.65913067377809054  0.66910676695876170  0.67923663030064974
  0.68922882718696443  0.69954932119222324  0.70997955381786493  0.72056826229123450
  0.73126586966852303  0.74206797371485811  0.75310587540240537  0.76448461618632668
  0.77669369920157094  0.78953068076827082  0.80267769029825919  0.81657242419843967
  0.83134323761575990  0.84697318298068458  0.86360128294217853  0.88171059496622006
  0.90218653488724443  0.92640401601834865  0.95883049217313665  1.00000000000000000
 -0.00248005432835071  0.00947933180278568  0.01986578363931503  0.03016722642383465
  0.04035722892211206  0.05032289117252925  0.06020510204859993  0.07018297427470645
  0.08039762407611240  0.09138266129019307  0.10203884229698600  0.11247359813184495
  0.12287015776745666  0.13289971526331085  0.14291948505429278  0.15313613075784827
  0.16368177072123585  0.17470022105672733  0.18546657689190932  0.19676680314929743
  0.20804253182113072  0.21926456407697018  0.23022444044675763  0.24059003544168731
  0.25100742402437970  0.26162015634715813  0.27195625266800760  0.28242758249306560
  0.29274512426593985  0.30313860192608832  0.31350350841939578  0.32403558178828895
  0.33456283648379154  0.34525215990241098  0.35586193891958723  0.36700040841006054
  0.37788283125677885  0.38884755576773611  0.39969766956982827  0.41054588365813960
  0.42131361358112107  0.43200284870761546  0.44261433851464482  0.45306454430732679
  0.46358324344897450  0.47411899979335564  0.48470941163338727  0.49514827088996888
  0.50547952039580413  0.51581421664590454  0.52590437809404011  0.53588974324550365
  0.54601740392368514  0.55632941754356025  0.56646509508887821  0.57661217168502354
  0.58679672566364616  0.59752146516048454  0.60838381123384877  0.61922170896679440
  0.62970246805815666  0.63992476539387333  0.65027119232055053  0.66091351979369661
  0.67155017038958209  0.68209988444570879  0.69269544184503384  0.70363376741270589
  0.71463929125948777  0.72556948472924698  0.73616543788279110  0.74643130655736190
  0.75648352363000182  0.76643346819809344  0.77661289984427706  0.78695125239784325
  0.79759520312111665  0.80860578540118311  0.81992670343648899  0.83148814669055737
  0.84304064858430727  0.85426392867876744  0.86514511524379845  0.87565601355485145
  0.88575136239311103  0.89578188753520038  0.90592844788406557  0.91624198818798608
  0.92665126271540910  0.93700533309042477  0.94763398493841011  0.95834150699283682
  0.96856915539001698  0.97903928047657474  0.98926695546378374  1.00000000000000000
  0.01342571552484286  0.06554415146078760  0.09344133037525616  0.11351205856648136
  0.12991383339908469  0.14411676040557134  0.15665405078227840  0.16831615538485101
  0.17902396348882599  0.18926972875296144  0.19945954107478159  0.20906810859059685
  0.21806163425782615  0.22692544666935036  0.23551359495153340  0.24377616768447288
  0.25167660910253481  0.25934704668263353  0.26681120785689522  0.27439021948758863
  0.28196173735295710  0.28945313406774592  0.29683383940302216  0.30406123269563101
  0.31125415401169826  0.31817984284354806  0.32520282596311634  0.33213433200919240
  0.33888303684635779  0.34548712008837223  0.35200688467486063  0.35846063981729137
  0.36485370863930705  0.37120741069138280  0.37750193845493735  0.38368319860858879
  0.38978112022616301  0.39588495244397309  0.40201407143907048  0.40820639540679565
  0.41438202825421167  0.42062049223888681  0.42694508348279281  0.43328030540914886
  0.43964942064032964  0.44602027772123803  0.45234994789439620  0.45860570447847632
  0.46478526422753319  0.47093745067329074  0.47707568384778903  0.48304026217672930
  0.48882950704130457  0.49457656503718272  0.50045383231802010  0.50651487811199092
  0.51262498846815463  0.51871521530331743  0.52467714699641943  0.53068122341768165
  0.53673585719170869  0.54294392271420533  0.54936980728199203  0.55592132845501185
  0.56258543516245030  0.56940160227210745  0.57628875956000103  0.58315692589551993
  0.59006500948586305  0.59711441448941793  0.60430735801526569  0.61153304771410688
  0.61874067059786453  0.62586365797624244  0.63298806097378235  0.64003414013712678
  0.64721404197732646  0.65482373171815300  0.66272378207019234  0.67122657461349222
  0.68001109334358933  0.68910818898060522  0.69862684476145098  0.70839117259904505
  0.71862281383611004  0.72938029456066544  0.74074983514060533  0.75270153958417652
  0.76560845040398007  0.77937681214267018  0.79441902786123242  0.81131585694332786
  0.83077802148017266  0.85549225860128841  0.89309528183132658  1.00000000000000000
 -0.01882762028879961  0.13121921821313040  0.19155580428911229  0.23291212518074333
  0.26207616087146124  0.28429677598755804  0.30239762303969586  0.31785900735419664
  0.33157521471178630  0.34435499890467824  0.35621258716324772  0.36715821050117015
  0.37757576140562843  0.38748786551175107  0.39691136437888824  0.40539619656801923
  0.41368254604281196  0.42149528665008346  0.42895069375841133  0.43617889472242510
  0.44293998041366311  0.44955764180739222  0.45608401147332178  0.46237590993118999
  0.46850847107626514  0.47462901841619681  0.48060207833763352  0.48658856504427334
  0.49242252269155634  0.49825468606543655  0.50389217858529423  0.50940782044891153
  0.51486937343769867  0.52027961108001897  0.52557487603510888  0.53077648702939728
  0.53593560836600873  0.54098174256480924  0.54595155928000805  0.55085836317381809
  0.55569872521966668  0.56045587149769349  0.56518957641702405  0.56991949284004362
  0.57464943436813676  0.57938665949566548  0.58423677120925688  0.58912925458124854
  0.59397186095361532  0.59878755456724542  0.60361378022807621  0.60840236352892341
  0.61327455944995213  0.61805601753292838  0.62292600990711522  0.62785893677298632
  0.63281610227872942  0.63779427315461046  0.64276451900537268  0.64768987325287153
  0.65263514081475082  0.65760608138785281  0.66260615490765151  0.66758372672867683
  0.67261062241917169  0.67765292677777633  0.68269286875717139  0.68774233685701824
  0.69281190340646359  0.69790838309052150  0.70302075142164311  0.70831293203502088
  0.71371563348311384  0.71922221222933569  0.72480892996957347  0.73036938346879132
  0.73596372314135106  0.74151999539840141  0.74716928191837140  0.75321368214409246
  0.75960766776926070  0.76620010984678955  0.77299393415618867  0.78002046462208829
  0.78732073532606539  0.79507921774179391  0.80334963856782915  0.81195156579494776
  0.82099247704263956  0.83075957047158899  0.84177482285686889  0.85436380526159739
  0.86909735607203908  0.88840239790488762  0.92046361138288002  1.00000000000000000
   1.1360053071896064E-011  -1.0000000000000000     
 F F F F F F F F
  <DiscreteSampler_grid>
  grouped_processes
  1 # 1 for a reference and 2 for a running grid.
  10 # Attribute 'min_bin_probing_points' of the grid.
  1 # Attribute 'grid_mode' of the grid. 1=='default',2=='initialization'
  0.0000000000000000 # Attribute 'small_contrib_threshold' of the grid.
  0.5000000000000000 # Attribute 'damping_power' of the grid.
 # binID   n_entries weight   weight_sqr   abs_weight
    13   10   2.735855887337616E+004   1.193356092959025E+009   2.735855887337616E+004
    14   10   2.735855887337616E+004   1.193356092959025E+009   2.735855887337616E+004
    16   10   8.055214488030448E+003   1.034541026907906E+008   8.055214488030448E+003
    17   10   8.055214488030448E+003   1.034541026907906E+008   8.055214488030448E+003
  </DiscreteSampler_grid>
