 -0.00513833969323890  0.02803580904184687  0.04355447044367339  0.05825556250457620
  0.07193525881920904  0.08501573232393710  0.09724060213210874  0.10885981498069160
  0.12029594218784274  0.13128619192413901  0.14164771622691638  0.15190230074673577
  0.16196119711659240  0.17166692680975179  0.18110257161650506  0.19053391113616874
  0.20006545767441461  0.20957956909497510  0.21887914824037483  0.22787810209829326
  0.23661911763729054  0.24530546311021173  0.25396197792275949  0.26251091524881620
  0.27109570825137291  0.27944261772366796  0.28760283362601574  0.29578790566956803
  0.30404494978292890  0.31234020844910598  0.32068635802112389  0.32897667751211818
  0.33717465794016149  0.34522684924743513  0.35317112514230636  0.36123361654004543
  0.36934426911031837  0.37747250341162880  0.38553961929532071  0.39341219504794134
  0.40118134958184365  0.40894583009663477  0.41667778121210630  0.42441162764373713
  0.43214244701441618  0.43987009293310719  0.44762767212067828  0.45540110300695225
  0.46314195300102806  0.47076377075524789  0.47832130636080000  0.48594299931118262
  0.49377534974571241  0.50155006201732977  0.50932467152316441  0.51711597910262053
  0.52490534668681277  0.53267544308234871  0.54069100444371332  0.54891679893593359
  0.55709101423038099  0.56526582193212682  0.57343927741140521  0.58167382159048708
  0.59003426453086338  0.59851352253668644  0.60691254148798568  0.61536181039038262
  0.62373863109774397  0.63213419086687395  0.64065904644312355  0.64935455474043280
  0.65820723469551390  0.66720491105569579  0.67638349128205766  0.68577207330634027
  0.69524956643824276  0.70471914186902562  0.71451698826340293  0.72462891519911421
  0.73515547857251706  0.74606522163283839  0.75737543654213346  0.76914814591978797
  0.78133181135493301  0.79387196853497322  0.80687496021005134  0.82041028285778739
  0.83446312230364972  0.84901989918930509  0.86442170864392609  0.88121968813164664
  0.90032749988863170  0.92268180479285533  0.95330429966512331  1.00000000000000000
 -0.00235007810134915  0.00958837087614181  0.01936277341753544  0.03009152427480404
  0.04031822473831149  0.05089803643432267  0.06148926510148232  0.07255689909762726
  0.08330440507400100  0.09354854697197461  0.10371306125130710  0.11409825752947260
  0.12460746433632702  0.13530484751975339  0.14608149310781246  0.15731621641207905
  0.16837666569826099  0.17902488325121033  0.18981402212824811  0.20034162218301746
  0.21110624741238082  0.22141784494120600  0.23193869439740614  0.24241903198575182
  0.25294746749997926  0.26415368057693761  0.27487858299447510  0.28552380714773584
  0.29607700942616172  0.30666182033142919  0.31705013623433720  0.32738300563255679
  0.33797671298199844  0.34853692329591046  0.35904309929781553  0.36968592185203275
  0.38051335598805086  0.39111337173972788  0.40122694904754375  0.41136473491507675
  0.42158107897127328  0.43189804214275634  0.44220280236757997  0.45236628120212663
  0.46266080728460551  0.47305317732045787  0.48370190281304926  0.49423911377906427
  0.50466715293982345  0.51495160244222649  0.52543234052746779  0.53595228335129241
  0.54651288801864817  0.55682900438296568  0.56721213257931680  0.57738579675033641
  0.58801985144248381  0.59879121630172383  0.60989538465362891  0.62070860644055104
  0.63189145771021815  0.64315556152911646  0.65428820358564466  0.66516226447420146
  0.67570484379120810  0.68626409946548061  0.69671625454374808  0.70714054536259263
  0.71744655147834657  0.72779882853729128  0.73805179134886867  0.74824668697209362
  0.75866770435123643  0.76943420442854049  0.78024789714021470  0.79109487755362629
  0.80171067456771916  0.81216874387527604  0.82258782602100255  0.83291259260700479
  0.84348568193879891  0.85417908925072217  0.86488933384939326  0.87555202068290150
  0.88596617674523626  0.89632084403740875  0.90656117920662538  0.91687897759179993
  0.92729032857369031  0.93748328833820060  0.94828011225990771  0.95894084047181305
  0.96927281276775912  0.97916292751393086  0.98952692134294562  1.00000000000000000
  0.01136722869139331  0.07128781968191161  0.09997143466501318  0.11978426645368126
  0.13587719688137403  0.14996115689331221  0.16278684063359516  0.17485283425554698
  0.18620559176837184  0.19698759391477619  0.20733339430109146  0.21698185685705379
  0.22623111462831891  0.23486161433697131  0.24312182600884005  0.25102659048771137
  0.25869375470141120  0.26626337405522577  0.27375279619607362  0.28107877421839611
  0.28820433050714117  0.29512249172303318  0.30197514939441689  0.30880922923822751
  0.31558681812083106  0.32220862893432806  0.32863843221786160  0.33507868863957652
  0.34159029224823584  0.34810144973306201  0.35451920526306357  0.36079038894849752
  0.36696811432812798  0.37308183159572716  0.37916451953450447  0.38525882226761193
  0.39135021450393837  0.39737223989430742  0.40331270656695545  0.40919567524228800
  0.41502298470226090  0.42098399572727407  0.42688532336904811  0.43280670983752823
  0.43872677953381672  0.44462069863958653  0.45049982434114300  0.45634985493686137
  0.46210517577470311  0.46780464878100897  0.47344894224553302  0.47906043455100256
  0.48465453286554577  0.49033212062405546  0.49608651894437505  0.50198777943615236
  0.50800127469638812  0.51398728017114892  0.52002626326015089  0.52616892969332296
  0.53244401383632178  0.53876367593267926  0.54509179469866009  0.55141673462874119
  0.55769789858704832  0.56403252633048673  0.57030526252399216  0.57655094002976570
  0.58284014285550356  0.58917433078731873  0.59563234050375413  0.60230258896502475
  0.60929922623119648  0.61645802504453040  0.62363607976915481  0.63089817164552897
  0.63821498289588496  0.64571564009153037  0.65345374124845224  0.66153529042534587
  0.66975997245699526  0.67806755185603140  0.68678090206970333  0.69626686467567167
  0.70606261567186912  0.71637199854157863  0.72681793834734632  0.73836478931845528
  0.75066266644556401  0.76386580347334132  0.77808918223462409  0.79437346243193996
  0.81365587295710506  0.83872805692034336  0.87950274896515546  1.00000000000000000
 -0.02994228001142357  0.16604761609228913  0.23201819003909557  0.26699066742560768
  0.29074257768270034  0.31009624386877532  0.32677104743744090  0.34132086879340218
  0.35414579468750368  0.36582128212971471  0.37656071809329222  0.38634153399294185
  0.39541668173903199  0.40391882673264412  0.41203756668244496  0.41989584274967312
  0.42754179476892357  0.43496116077188041  0.44212564039107527  0.44902252819154093
  0.45573531956401309  0.46229312976179621  0.46864083126757938  0.47505639161128643
  0.48105146687074940  0.48671905970983009  0.49231385445773262  0.49782472349719870
  0.50327705663666789  0.50866670355341315  0.51399468930855119  0.51924146439027152
  0.52437365459924545  0.52941928594229881  0.53442268696866235  0.53940921330824465
  0.54434520898140648  0.54920115944279502  0.55397160011781699  0.55863506278212038
  0.56330461566587831  0.56784620592272994  0.57244446295336648  0.57704477922904540
  0.58162022093890742  0.58617963625753000  0.59071695061362439  0.59525297313710390
  0.59981389718979217  0.60434255153555916  0.60884205459382534  0.61334990623121133
  0.61784053247021842  0.62231205967430392  0.62675924043695175  0.63118924407300825
  0.63564992501075979  0.64009622561140644  0.64452188674864241  0.64889990442638112
  0.65328518546358316  0.65776620721675072  0.66222418635952751  0.66686929863658873
  0.67155521882625535  0.67623473298065351  0.68094601993113624  0.68569806580238546
  0.69055991705800124  0.69558682529564997  0.70072156016657450  0.70592962342316168
  0.71122611276374825  0.71654343569857093  0.72197561675294131  0.72746672948371027
  0.73300958636568192  0.73865684312276059  0.74441685759047105  0.75023672802070696
  0.75618857755879876  0.76221249195125862  0.76851629436250080  0.77523378262620390
  0.78230215902693823  0.78966439701782043  0.79733964628972709  0.80542060514460168
  0.81399299590388308  0.82355799659420525  0.83440702939942624  0.84683404391582184
  0.86146485244401716  0.87996161768214598  0.91015000307406768  1.00000000000000000
   7.2785382826415737E-012  -1.0000000000000000     
 F F F F F F F F
  <DiscreteSampler_grid>
  grouped_processes
  1 # 1 for a reference and 2 for a running grid.
  10 # Attribute 'min_bin_probing_points' of the grid.
  1 # Attribute 'grid_mode' of the grid. 1=='default',2=='initialization'
  0.0000000000000000 # Attribute 'small_contrib_threshold' of the grid.
  0.5000000000000000 # Attribute 'damping_power' of the grid.
 # binID   n_entries weight   weight_sqr   abs_weight
    13   10   2.087238014604297E+004   8.641864560535231E+008   2.087238014604297E+004
    14   10   2.087238014604297E+004   8.641864560535231E+008   2.087238014604297E+004
    16   10   6.145920669883059E+003   7.490725380167308E+007   6.145920669883059E+003
    17   10   6.145920669883059E+003   7.490725380167308E+007   6.145920669883059E+003
  </DiscreteSampler_grid>
