 -0.00385680567179316  0.02153734396612421  0.03138361066842717  0.04127685692126550
  0.05124656794148705  0.06123808162208869  0.07105118205049055  0.08080417544827517
  0.09029848303591910  0.09987240162519508  0.10959810434292545  0.11912060792288048
  0.12844645271100535  0.13753876542614105  0.14680386967470657  0.15611010876809142
  0.16518724333667931  0.17403270275208393  0.18285302112371371  0.19152755856128489
  0.20019611310505195  0.20859264283486093  0.21698837096364856  0.22536833382636878
  0.23364516355846127  0.24192733974971417  0.25015719071222836  0.25834273724904178
  0.26652061193778792  0.27499374706146323  0.28354507430295767  0.29209288411531847
  0.30062086712913805  0.30928345656519063  0.31748220026321705  0.32558972399365899
  0.33375623058519932  0.34196822554288181  0.35026536891527232  0.35862203255619601
  0.36719100213869665  0.37577746609350277  0.38418583553872199  0.39259534308191946
  0.40109887384316623  0.40965218655123731  0.41806349187336811  0.42647250682305649
  0.43500609113045569  0.44359111985209498  0.45210164822453508  0.46047629963964914
  0.46890051017386386  0.47770725862044200  0.48645391034912849  0.49505084411794359
  0.50338069128481244  0.51199501296251493  0.52089876489273446  0.52995177604421007
  0.53900363169700272  0.54779127558093821  0.55676794526758122  0.56590191344633345
  0.57513597828942620  0.58424319003461622  0.59309251925246831  0.60177767297644857
  0.61054638668646377  0.61970354516758475  0.62883355606738389  0.63819108054260287
  0.64777441208901088  0.65742964472049958  0.66709672746003357  0.67694816535734048
  0.68688371805500026  0.69697161570714450  0.70752170513833523  0.71828613948951947
  0.72925744356536260  0.74055185882747565  0.75199642516344067  0.76324079875397688
  0.77640863409447647  0.78991108107972008  0.80376839840709613  0.81811248817414939
  0.83319538853796715  0.84916768709363233  0.86588490239768057  0.88382903295386406
  0.90368606121751782  0.92764781141492780  0.96057145894219820  1.00000000000000000
 -0.00243022452028876  0.00929995063357008  0.01932514839120877  0.02971856065242922
  0.04052247462376807  0.05144778690743685  0.06204861314827710  0.07210743558495854
  0.08203264082526257  0.09244796937654896  0.10297261181426420  0.11321406474143596
  0.12351259382623093  0.13361820020009191  0.14388328238111692  0.15386849885899734
  0.16383938250043267  0.17391014480314743  0.18411603615637684  0.19482904674054077
  0.20606559464066829  0.21677579125395385  0.22758047063475564  0.23830216523640826
  0.24903839023418534  0.25986898981262813  0.27082948854573596  0.28173987321959365
  0.29249451891638983  0.30330923176867447  0.31436776797564192  0.32575475501511947
  0.33718595260103024  0.34850375645906917  0.35934871322131218  0.36996794725392479
  0.38038551145165594  0.39066348335022910  0.40077120612915806  0.41072369010038412
  0.42080033561468155  0.43090334005013076  0.44079051116702345  0.45058474838054724
  0.46049379099728882  0.47123589962960855  0.48171706115780077  0.49211214845168139
  0.50217422329360017  0.51284919371169624  0.52356509129612239  0.53427044594789563
  0.54488429972437702  0.55556794753345606  0.56601148269831258  0.57662783496077352
  0.58686005124514029  0.59731497479773143  0.60748622217366499  0.61769301858229275
  0.62776030492576307  0.63779572865492173  0.64803061736256484  0.65850383629779408
  0.66868075136781524  0.67911816926412782  0.68962650377010659  0.70064029101648451
  0.71167480892455071  0.72254406008611172  0.73325039949781035  0.74376065607297981
  0.75432612366630702  0.76484046616415335  0.77523728384226287  0.78569356616629704
  0.79614121491673462  0.80701781447411136  0.81817483117320444  0.82919838044162242
  0.84001493977964481  0.85053053181113847  0.86102490604162352  0.87125141958194974
  0.88188666648754610  0.89271235392325388  0.90387216160904382  0.91470026151969874
  0.92542217748197975  0.93617195012381316  0.94706184203397170  0.95790511776246667
  0.96833846835189352  0.97853581594492511  0.98910484496767526  1.00000000000000000
  0.01423207661282370  0.06435631027118736  0.09153997139087933  0.11073545852245405
  0.12635353431222543  0.13967993389804298  0.15218362257683068  0.16362539391053493
  0.17434933157460705  0.18450634082631204  0.19419510606043514  0.20341008430799870
  0.21230957202290243  0.22092733142000170  0.22930709958647372  0.23752203875442013
  0.24563175897890061  0.25364966819958479  0.26156034156234270  0.26936457023339078
  0.27698848564719575  0.28441351947978222  0.29172404144417402  0.29895728573794511
  0.30612844966893160  0.31315948368902208  0.31993799932991579  0.32660468029120954
  0.33323574451629856  0.33979900194792478  0.34638206513279757  0.35293312358546058
  0.35944274164926104  0.36588554139150559  0.37232649201404183  0.37884146595106261
  0.38543814148827937  0.39198891035495859  0.39838712209913835  0.40460085497871784
  0.41073834672491266  0.41694204645856980  0.42318178673185436  0.42943005107980481
  0.43555425040732454  0.44155202633290053  0.44745835963547642  0.45346733390765037
  0.45964950604114829  0.46592753540350229  0.47221003900987440  0.47846223590374976
  0.48465799273660604  0.49084545952834741  0.49704126632260726  0.50329736714333606
  0.50977746492867826  0.51617042445349615  0.52269868299969724  0.52923866482585002
  0.53570580988592598  0.54236027688716204  0.54929061490333753  0.55655885541547456
  0.56396997123909920  0.57125839087900698  0.57836413297198941  0.58536389382351983
  0.59223481513269371  0.59945010666521781  0.60670218767354878  0.61397670660241432
  0.62120737758737143  0.62856482694304405  0.63611783276431266  0.64376828411294629
  0.65148753270548887  0.65937854830366305  0.66736619520103924  0.67557217070014364
  0.68392663645618623  0.69246387652837427  0.70130156842811819  0.71029763123991230
  0.71988267329654532  0.72948711288437817  0.74028206305456834  0.75148660305772264
  0.76413887581245721  0.77800272958829308  0.79356578479689688  0.81059466395132918
  0.83009417759353921  0.85525495391421613  0.89471494900861570  1.00000000000000000
 -0.01834705974152755  0.12907734382888386  0.19016987189220641  0.23125527910005761
  0.25999475538706179  0.28147955401029950  0.29974178488169262  0.31574166383096874
  0.32987150261668979  0.34244393955818592  0.35398770665368878  0.36447365029350137
  0.37433686839566604  0.38374497267744173  0.39275471745099449  0.40127451765822592
  0.40930591195337479  0.41709585966293877  0.42476149056641521  0.43234786376078149
  0.43983635676939026  0.44713069687238044  0.45447439786280214  0.46164467800502668
  0.46853865718249510  0.47520871685894839  0.48158168831502673  0.48750524648987331
  0.49329807411211019  0.49905551069110116  0.50453219452482856  0.50994706354635333
  0.51531400477301237  0.52057937376259134  0.52577802004964802  0.53097771215138256
  0.53615938380683414  0.54129398110363125  0.54653011531283180  0.55166053616776656
  0.55678068528291391  0.56182249956357833  0.56680902707200720  0.57188274129871586
  0.57701817273131006  0.58209482549074276  0.58704180922148086  0.59189766794952825
  0.59675061044757405  0.60159290425608036  0.60655107055282786  0.61141741176416364
  0.61631551322884837  0.62115463193291398  0.62586359253920010  0.63047661410324718
  0.63503075117132501  0.63954143232342531  0.64407522723734334  0.64862978769917523
  0.65325967936266016  0.65795994334309371  0.66268040831368269  0.66750194694914733
  0.67214510107385250  0.67678727176268216  0.68138588096762254  0.68599757792372829
  0.69072751923906728  0.69558321786232291  0.70055313576672773  0.70561383444424575
  0.71077347645019051  0.71603396632772665  0.72132454751510178  0.72669302965558380
  0.73230457442875863  0.73844225616100667  0.74450207765414211  0.75079783176553150
  0.75748220319284720  0.76447304456064435  0.77170683527169848  0.77912467533531093
  0.78671840721970165  0.79447327479919372  0.80254024267490343  0.81111602162314678
  0.82048062221136719  0.83059168064665911  0.84201271193956961  0.85520878174327564
  0.87076337987995334  0.88921526955361696  0.91963048597026031  1.00000000000000000
   1.1274022293931818E-011  -1.0000000000000000     
 F F F F F F F F
  <DiscreteSampler_grid>
  grouped_processes
  1 # 1 for a reference and 2 for a running grid.
  10 # Attribute 'min_bin_probing_points' of the grid.
  1 # Attribute 'grid_mode' of the grid. 1=='default',2=='initialization'
  0.0000000000000000 # Attribute 'small_contrib_threshold' of the grid.
  0.5000000000000000 # Attribute 'damping_power' of the grid.
 # binID   n_entries weight   weight_sqr   abs_weight
    13   10   2.411215554418547E+004   8.429152494914362E+008   2.411215554418547E+004
    14   10   2.411215554418547E+004   8.429152494914362E+008   2.411215554418547E+004
    16   10   7.100499632010486E+003   7.305834164416504E+007   7.100499632010486E+003
    17   10   7.100499632010486E+003   7.305834164416504E+007   7.100499632010486E+003
  </DiscreteSampler_grid>
