 -0.00494609741171274  0.02765725832921042  0.04343257479089804  0.05769203499923434
  0.07087034866087659  0.08356610410181284  0.09589390424464475  0.10781670840234139
  0.11919105145753670  0.13006073554519237  0.14061654483806707  0.15108057530184307
  0.16153736271789984  0.17164122163057122  0.18149189537170760  0.19107046487847673
  0.20039691028042980  0.20962365376399514  0.21885805570943090  0.22802757787863440
  0.23708488618443779  0.24568391869039369  0.25401825263564348  0.26229251170181767
  0.27044561152822744  0.27861571768746590  0.28693530500789660  0.29530140858276105
  0.30355238270846990  0.31168614173342246  0.31977368284854985  0.32795840380248475
  0.33616556271685577  0.34421056612119005  0.35204066537676898  0.35978588054553667
  0.36768224267360033  0.37546212097959308  0.38309816589360635  0.39071102477082192
  0.39845615048624095  0.40626816713107938  0.41412209315156079  0.42201710532734876
  0.42994729493853689  0.43792644026102823  0.44591405396198802  0.45392509433504608
  0.46200136087323701  0.47005437332979455  0.47807237879966896  0.48616216200197715
  0.49434492620667986  0.50255648020922616  0.51069415367167170  0.51873530053601458
  0.52668178004284316  0.53466051070419918  0.54271259346477119  0.55074900970160212
  0.55877320863286106  0.56676143924805811  0.57469835194445584  0.58269870214176778
  0.59131068450972291  0.59985027343556396  0.60841349303930792  0.61701796929675179
  0.62556452359465498  0.63413992225534688  0.64299262084035713  0.65222231938790376
  0.66170123007456028  0.67123951176077912  0.68071899014709658  0.69017768779179045
  0.69970627774941807  0.70944721934447386  0.71948171929994631  0.72963343397419467
  0.73985467376482639  0.75011505532328071  0.76056119069475880  0.77136663262066074
  0.78260394955568102  0.79426847187687766  0.80634742179147700  0.81912962091120711
  0.83297590327752846  0.84806712122385330  0.86438384319776385  0.88210492305644628
  0.90180240570352899  0.92456226577438227  0.95607028223332102  1.00000000000000000
 -0.00209171081356107  0.00890280893284269  0.01829781294304286  0.02844282106874150
  0.03848450641118487  0.04863209448501950  0.05899009905382847  0.06929234873614526
  0.07957462990558056  0.08987341452613720  0.10038651584145757  0.11098120249749330
  0.12164042841802963  0.13242645937101297  0.14338384675833743  0.15389633241106335
  0.16418916689347679  0.17432763928165160  0.18432082368258310  0.19438375307449465
  0.20453046738262787  0.21509266734775598  0.22623132945166388  0.23747681306449478
  0.24882115781491090  0.25980591431959732  0.27055270611534976  0.28091779690942864
  0.29128433745899007  0.30184926242348309  0.31251886288564101  0.32332245450563463
  0.33406328283339015  0.34484974536264618  0.35573707268655602  0.36662818847944334
  0.37767803250642273  0.38823909262835349  0.39879459363254860  0.40927301740434585
  0.41974089601373726  0.43045622844171039  0.44130088431214415  0.45232509967178935
  0.46297852462093131  0.47334001713500706  0.48382772088452747  0.49404391420915211
  0.50446585073500616  0.51500927823032450  0.52616308447636162  0.53726038844040980
  0.54849252245845570  0.55966987310213845  0.57031357682646555  0.58068335681539063
  0.59138409815169624  0.60207811889581719  0.61267953730051095  0.62332255996657415
  0.63418853983853662  0.64493536088086778  0.65537090155278044  0.66581179518769451
  0.67643961084197490  0.68724571767113785  0.69826357147530160  0.70912301367228969
  0.71975792750816547  0.73039491908198440  0.74106287602856313  0.75165469431828158
  0.76203366859139865  0.77236132075450314  0.78285412219135331  0.79335498068209998
  0.80375379891418608  0.81409433898064998  0.82435816446451426  0.83451787597653682
  0.84457219756582180  0.85475805945251992  0.86502261847124595  0.87555990936152561
  0.88621134932918533  0.89664451940268364  0.90667323900978469  0.91665435962415953
  0.92715315976723844  0.93766617802253893  0.94792575348377361  0.95797977449940108
  0.96841169531791005  0.97890536390182070  0.98935840967991229  1.00000000000000000
  0.01119664000051016  0.07175614834814315  0.09995299081722622  0.11970739382216383
  0.13592337547088509  0.15008210877270275  0.16285966008070912  0.17470021950724934
  0.18577656395195355  0.19611885290741762  0.20588084054734729  0.21526468175149252
  0.22430407783493089  0.23309846983374230  0.24162289524807543  0.24996511256545045
  0.25812742787325710  0.26618674974997419  0.27390079281713270  0.28135765354184722
  0.28876367544490072  0.29591821000908836  0.30288427143561819  0.30970832981152258
  0.31627334489726128  0.32264227852538663  0.32897486258650310  0.33531462984562460
  0.34162367167824548  0.34786226216564975  0.35401743211999415  0.36006302540096280
  0.36603170366230292  0.37195649408172021  0.37781314174921737  0.38360609074062396
  0.38940334636351653  0.39525766134322554  0.40114342202004211  0.40706450472973854
  0.41302563082322591  0.41896225355695155  0.42495221133315109  0.43084280366692829
  0.43672833017144985  0.44270367327473831  0.44873218491900729  0.45481239422666342
  0.46070603891509732  0.46643634565952241  0.47222522341942075  0.47803146897966264
  0.48370021961769472  0.48931585085470841  0.49504953504547311  0.50093150744637005
  0.50696953880161610  0.51290420864556518  0.51886436197361363  0.52496152970114873
  0.53112119994359619  0.53722988282516582  0.54332837251505306  0.54950387240410026
  0.55572870381417339  0.56205443546134881  0.56854181615591248  0.57516977105612233
  0.58191788344407169  0.58881519043222497  0.59577216106651132  0.60269940023783053
  0.60975141114610731  0.61694132786649269  0.62430416755236506  0.63179376548712030
  0.63937454445190400  0.64724957741605771  0.65562826097498617  0.66419752684149069
  0.67259418067443877  0.68112846042073527  0.68977191086947265  0.69883695844366411
  0.70808273757543039  0.71780124811022394  0.72784497624563704  0.73903936656525748
  0.75080823133911490  0.76389774656469356  0.77836754915362782  0.79477684546073424
  0.81419725162676915  0.83871799882793707  0.87914944928935801  1.00000000000000000
 -0.03009341335027083  0.16358522579020163  0.22845546785965465  0.26460676669909522
  0.28968341943038978  0.30940931491410562  0.32600641486350634  0.34054379446873873
  0.35359631926465068  0.36534231517644750  0.37600800338091400  0.38577091542348563
  0.39493252151348812  0.40349295098574905  0.41168063354479889  0.41960282204999050
  0.42723980629396574  0.43471104373156766  0.44186021932130159  0.44866398561848231
  0.45534986769384239  0.46159554411117532  0.46781980859260158  0.47399327883677955
  0.48005663256289083  0.48602767397439900  0.49183580935340476  0.49743159890570909
  0.50276423037476314  0.50790330114077109  0.51299329366552027  0.51808235320536833
  0.52311485413425285  0.52807464227300283  0.53296239217125096  0.53777909943491609
  0.54255392029568894  0.54729165164968718  0.55199544301403869  0.55668690788827813
  0.56134443851714100  0.56597701142175771  0.57056982183801275  0.57509584449409124
  0.57966493194521451  0.58422620765917677  0.58886803005566657  0.59349434290840741
  0.59807963461034486  0.60262630609568379  0.60717975164147064  0.61171815716661426
  0.61623911441420443  0.62075645542756241  0.62525424102893246  0.62977126791758320
  0.63432470332782998  0.63886937804515176  0.64339108777811671  0.64789215811433620
  0.65240000854027536  0.65698983724870963  0.66167658293270937  0.66647180973832387
  0.67113637947551097  0.67581232934823188  0.68046135662098040  0.68513950074458363
  0.68990492774850942  0.69471648404114983  0.69961730371518072  0.70458789420170986
  0.70958514191009558  0.71461997995968274  0.71967574966314340  0.72478714108917441
  0.73004384299540681  0.73546769829493797  0.74105600171814379  0.74681471517244713
  0.75279251638034839  0.75906520765577579  0.76546346101975327  0.77203292812943358
  0.77889748750328347  0.78609873015953158  0.79378601636900403  0.80208884539098646
  0.81098413417763726  0.82070527040231833  0.83160730562620011  0.84419166403237211
  0.85904563862091887  0.87834326718553424  0.91092167458510787  1.00000000000000000
   7.2992113296615726E-012  -1.0000000000000000     
 F F F F F F F F
  <DiscreteSampler_grid>
  grouped_processes
  1 # 1 for a reference and 2 for a running grid.
  10 # Attribute 'min_bin_probing_points' of the grid.
  1 # Attribute 'grid_mode' of the grid. 1=='default',2=='initialization'
  0.0000000000000000 # Attribute 'small_contrib_threshold' of the grid.
  0.5000000000000000 # Attribute 'damping_power' of the grid.
 # binID   n_entries weight   weight_sqr   abs_weight
    13   10   2.355537552661553E+004   1.509634051312796E+009   2.355537552661553E+004
    14   10   2.355537552661553E+004   1.509634051312796E+009   2.355537552661553E+004
    16   10   6.934021193604816E+003   1.306863820304973E+008   6.934021193604816E+003
    17   10   6.934021193604816E+003   1.306863820304973E+008   6.934021193604816E+003
  </DiscreteSampler_grid>
