 -0.00397325210207429  0.02149559501405533  0.03152613667575912  0.04132254072678242
  0.05106028276917478  0.06100557773536806  0.07105958483513576  0.08118263472826551
  0.09098824761633857  0.10057291712190680  0.10950173647800729  0.11863196005279197
  0.12820846362332469  0.13785206977949699  0.14688530299786839  0.15564294006602356
  0.16481800619714237  0.17379499087860886  0.18235756894195179  0.19071824876055618
  0.19932209468018502  0.20796200232555545  0.21671301224643427  0.22524284680220671
  0.23349666518950019  0.24145132089159069  0.24950141200476561  0.25770684043495851
  0.26585929492173205  0.27424579379930064  0.28266929260667839  0.29101329121402203
  0.29926977380692432  0.30788283745422590  0.31639613559092072  0.32482269918278456
  0.33312736814461119  0.34126900149132883  0.34921722222654566  0.35692510859913557
  0.36433004185001078  0.37159008731946480  0.37897664049575341  0.38650964230998780
  0.39434590241555789  0.40229603765825284  0.41027256012333430  0.41844222764604422
  0.42670901538360845  0.43477141304473432  0.44275194337004753  0.45093078879163728
  0.45919838656942913  0.46740628214574337  0.47556700800530566  0.48381825890482766
  0.49227908274128906  0.50104166547065665  0.51011938696395986  0.51952543447894506
  0.52920601999758132  0.53909664902368126  0.54922485243258101  0.55971538533210619
  0.56921180396150151  0.57870655726081288  0.58821861413167931  0.59784079783794619
  0.60764607910434465  0.61760057564897308  0.62747661888781425  0.63752727196815040
  0.64789433623524695  0.65851962506295847  0.66918365635398314  0.67973087756281070
  0.69031411172726753  0.70115446122189251  0.71243186179736928  0.72368938897631430
  0.73488926076378891  0.74599830699100278  0.75711147676623936  0.76918482898481355
  0.78170518910237818  0.79470735265898307  0.80819413503381765  0.82211921313647418
  0.83662034488529891  0.85211879314533734  0.86861650133539847  0.88670211625027284
  0.90609906670428286  0.92968025713793101  0.95967390820722642  1.00000000000000000
 -0.00144040336943862  0.00967422784447813  0.01980050050586313  0.02998732516484559
  0.04006577171122096  0.05025305045634257  0.06026197355155866  0.07033362101585398
  0.08038717608248447  0.09021946060863636  0.10041228181224954  0.11079981329261968
  0.12160330404393008  0.13183639534886760  0.14218037841983511  0.15360750361046521
  0.16561634336570835  0.17794648284069514  0.19023490310221247  0.20212748987053802
  0.21340843871593734  0.22424662614535654  0.23499185762952732  0.24585798885433982
  0.25701902006590283  0.26847516566664736  0.28037996615874483  0.29206280880065050
  0.30293232829506817  0.31329350923883065  0.32360830500238913  0.33419464684516459
  0.34478859353808855  0.35577734092975277  0.36718272513683181  0.37835867149871233
  0.38941561786473428  0.40111509123191819  0.41335574630686239  0.42435411503841935
  0.43427259608792473  0.44436462571415986  0.45447073628983009  0.46492304899955439
  0.47555296484403131  0.48659765823871781  0.49771046473846103  0.50838845516993580
  0.51863692822587970  0.52851899757878362  0.53822949327620240  0.54790781383177545
  0.55752674610126896  0.56734419482188725  0.57743537165639514  0.58732631699287041
  0.59731472770181093  0.60754782325355350  0.61811612527410620  0.62854329432964340
  0.63908723948881918  0.65016322918200187  0.66169393233682772  0.67305647146894276
  0.68378710602039239  0.69415434283387734  0.70432287133498550  0.71485581499106066
  0.72525427920294017  0.73538429183545040  0.74509950912148137  0.75481552916466121
  0.76489600129007895  0.77533204817773138  0.78574633985983178  0.79586558653539097
  0.80598439356768858  0.81630673625601291  0.82682925738184831  0.83726074826939079
  0.84746153546385217  0.85754089106318732  0.86744359314980080  0.87739010508970294
  0.88770278708079553  0.89791850745013857  0.90771205741707028  0.91766386234067576
  0.92798141005993529  0.93828251477607527  0.94835543467601757  0.95858129975620032
  0.96914068315556134  0.97969865102050324  0.98988798891556684  1.00000000000000000
  0.01400317114656145  0.06442965704429693  0.09099977672720896  0.11034571039854413
  0.12599210394575211  0.14002622754061839  0.15272007102008014  0.16454013663269748
  0.17606938437356637  0.18740789234077665  0.19820382791066046  0.20859668267637266
  0.21850630842552912  0.22772285174792170  0.23658291905222256  0.24494821680049469
  0.25329572928499317  0.26163755394450255  0.27021614731623261  0.27768978199841993
  0.28516908341584074  0.29220362688790386  0.29927269809081097  0.30641462980653994
  0.31360182426207883  0.32046542900779917  0.32716806698133133  0.33388205609896443
  0.34085989515649195  0.34795428841073928  0.35504108683626279  0.36230867770730307
  0.36938921484609633  0.37662216746304289  0.38379382952794416  0.39104244222498441
  0.39795115995514413  0.40455503736343740  0.41105008973680202  0.41754049357696127
  0.42401173308461942  0.43054593567023197  0.43709730021157922  0.44314071995212095
  0.44878575947694244  0.45428885145065490  0.46002211165395440  0.46614122147664289
  0.47258613202422906  0.47879727338298772  0.48470890405402112  0.49044296798874670
  0.49601074445957327  0.50176686577812735  0.50760721032247935  0.51355376925665996
  0.51944314193970920  0.52544182365872127  0.53160283462873315  0.53798269397074716
  0.54457040402357948  0.55112585871917519  0.55754776324614519  0.56396521210352979
  0.57043972964433298  0.57707143444867337  0.58358305030769342  0.59024767332441952
  0.59687110243517194  0.60372994104677136  0.61083208172794001  0.61801342142868954
  0.62512901738875504  0.63212203303065850  0.63925656286034283  0.64673287114518119
  0.65436258875414866  0.66214887411359058  0.67020833381531197  0.67845404120139519
  0.68701849141885263  0.69600442896518711  0.70477216114604990  0.71404217552909777
  0.72358259128868663  0.73403671189147501  0.74491742864069277  0.75638660646592104
  0.76904195143285148  0.78274657957222915  0.79790069634956506  0.81491748588305957
  0.83441766060375722  0.85924743088478972  0.89656561422439929  1.00000000000000000
 -0.01876362457324235  0.12828296834094355  0.19039994322272558  0.23070514180501223
  0.25928599225727861  0.28154277545970646  0.29987507389305107  0.31569039691057943
  0.32929927677457210  0.34186239336129931  0.35414133626150351  0.36530511973276597
  0.37590992581932692  0.38550786963599065  0.39478026505840597  0.40341288110734991
  0.41163504820688990  0.41958961871866740  0.42714836280992258  0.43458003632766534
  0.44183366464227586  0.44873055972022835  0.45540190373238754  0.46166381568782017
  0.46771935227216060  0.47372451498411983  0.47970977306830193  0.48564229821912658
  0.49131819350006528  0.49696927632766663  0.50244697519970571  0.50777392820729184
  0.51302797431547109  0.51829314128822668  0.52369782544751320  0.52933556904140278
  0.53509201305407639  0.54065235192556449  0.54587243922038531  0.55085328349636165
  0.55566449360113723  0.56046256701622155  0.56539507480837958  0.57037397870837492
  0.57545789449030194  0.58051626987971994  0.58550096665871876  0.59035638961567938
  0.59507976551093467  0.59970992374049792  0.60433862737266641  0.60907639354178689
  0.61384497557768258  0.61868381970867081  0.62343888190650409  0.62804264349968641
  0.63287632129444815  0.63770781617669303  0.64249597513891143  0.64723608381377673
  0.65182997524963382  0.65630735826590003  0.66084652587115800  0.66553580187945416
  0.67028065005796000  0.67506041796568583  0.67994478536278968  0.68487551762874377
  0.68983097544454508  0.69484727289891601  0.69976429792616690  0.70463206321056426
  0.70964861775479204  0.71491723633318471  0.72039017825976770  0.72591909872953841
  0.73148343728619614  0.73756368067244149  0.74363819025991795  0.75009164698689057
  0.75717837384927655  0.76444734431550987  0.77192884282779006  0.77960316693029885
  0.78744374909976322  0.79560402400903885  0.80399736620655171  0.81274264562716436
  0.82217395997775133  0.83265190318877902  0.84419070672776841  0.85668556194715684
  0.87104409326989529  0.88999309301549889  0.92004397865407150  1.00000000000000000
   5.5263582849558082E-011  -1.0000000000000000     
 F F F F F F F F
  <DiscreteSampler_grid>
  grouped_processes
  1 # 1 for a reference and 2 for a running grid.
  10 # Attribute 'min_bin_probing_points' of the grid.
  1 # Attribute 'grid_mode' of the grid. 1=='default',2=='initialization'
  0.0000000000000000 # Attribute 'small_contrib_threshold' of the grid.
  0.5000000000000000 # Attribute 'damping_power' of the grid.
 # binID   n_entries weight   weight_sqr   abs_weight
    13   10   3.075624084328635E+004   1.309965912790551E+009   3.075624084328635E+004
    14   10   3.075624084328635E+004   1.309965912790551E+009   3.075624084328635E+004
    16   10   9.056490328646445E+003   1.135538275435991E+008   9.056490328646445E+003
    17   10   9.056490328646445E+003   1.135538275435991E+008   9.056490328646445E+003
  </DiscreteSampler_grid>
