 -0.00278473290036070  0.02231215998148564  0.03225865603892395  0.04189368934648394
  0.05162661837853301  0.06158047572653173  0.07108707129006819  0.08076110973706258
  0.09010568786375368  0.09973105051968942  0.10909860470914690  0.11824473364660176
  0.12817027489519320  0.13810706397602895  0.14734529132398946  0.15602002990056907
  0.16446245812039956  0.17309998900640838  0.18179799153253567  0.19042643695026232
  0.19940968888320998  0.20852363172256327  0.21748583734713658  0.22632990042667642
  0.23534056461203709  0.24397681274490732  0.25204139525693564  0.26034074492712467
  0.26907397250592835  0.27812965803784012  0.28722415554935238  0.29581126616684544
  0.30417553730348196  0.31266914969599219  0.32116489707071683  0.32943612473415845
  0.33750196615654721  0.34545565575652859  0.35343247043522319  0.36135411900839515
  0.36911379263745292  0.37682631819831142  0.38443403982058366  0.39209987457420242
  0.40012201679763654  0.40857025282736481  0.41817261545657802  0.42806291064036084
  0.43749257542835523  0.44644293286566022  0.45510167442478533  0.46370127109955772
  0.47234908885403748  0.48093855593206541  0.48952520251869119  0.49805326024460922
  0.50652013015907194  0.51508783769691202  0.52377897396578366  0.53243461158761163
  0.54096110908878192  0.54933500102014599  0.55749315529732124  0.56567827154912886
  0.57390764221536805  0.58221496524232674  0.59060368987960377  0.59904577996694031
  0.60755596511802246  0.61621178343631278  0.62504819158193181  0.63382409004157492
  0.64320862810638646  0.65320582450074438  0.66352316447291582  0.67405404607608366
  0.68501796528095182  0.69579507702297472  0.70664624401196596  0.71767729222161381
  0.72903206236221763  0.74081041911247758  0.75291721584947680  0.76522662835531374
  0.77747973553684391  0.78974713120683726  0.80310171608404957  0.81755226467059827
  0.83278908761614356  0.84911419388028664  0.86649256462989610  0.88544814331037769
  0.90522499384092658  0.92885489423498224  0.95896713074393747  1.00000000000000000
 -0.00218144915621172  0.00922195856436432  0.01963543275331310  0.03031701061664091
  0.04160289574713760  0.05248011427581917  0.06306361772672973  0.07320340045802423
  0.08353385450152548  0.09347265640044765  0.10320159809130414  0.11295851681385038
  0.12301029954338355  0.13293209701926820  0.14281875923106471  0.15280480318127485
  0.16308250480154413  0.17348352239045575  0.18403004839290471  0.19479043294233578
  0.20586040638252076  0.21682080333877754  0.22764418204395118  0.23836188910065301
  0.24951065299875955  0.26110053339055650  0.27251892685780782  0.28281283513092526
  0.29282331845216336  0.30259543290887947  0.31235036838152513  0.32237858094239757
  0.33293174404490400  0.34440397134551992  0.35604106207748593  0.36637073339349746
  0.37739684856076466  0.38843246009977017  0.39936599394447952  0.41006035298084459
  0.42043224349283514  0.43071876468608422  0.44101270974305168  0.45160571560227758
  0.46268507332355269  0.47377505495728017  0.48498130430567687  0.49608881369332924
  0.50661666412862438  0.51683861933609165  0.52682592787852622  0.53686853649606125
  0.54661811253356474  0.55645809037603733  0.56657496998661405  0.57695385801868082
  0.58745140229886794  0.59827980503023259  0.60889994619584420  0.61969288874231609
  0.63005731136901033  0.64013922302472992  0.65078179809864334  0.66189247647844363
  0.67271891018845198  0.68337507246040985  0.69405955286538223  0.70515610833645459
  0.71624854642260882  0.72714507622763691  0.73802929864362254  0.74870847829181353
  0.75946385053454479  0.77006207847611596  0.78094073258658359  0.79171403140662355
  0.80232436176731692  0.81305318248364922  0.82433260396046160  0.83548455238181407
  0.84592246769881763  0.85617761807320691  0.86636964497921976  0.87714038593391586
  0.88850224420739976  0.89982806295860240  0.91084901791125128  0.92131115666478258
  0.93156320536800041  0.94140291315139601  0.95101865092262461  0.96088928334597867
  0.97088894584267393  0.98081762301933950  0.99056946146340275  1.00000000000000000
  0.01482991161974933  0.06441779927440999  0.09270688665534167  0.11361156779885380
  0.13083120111382515  0.14501995382718105  0.15699075187525666  0.16834005101502220
  0.17889173870719546  0.18968438784105440  0.19942150962272834  0.20892897667852120
  0.21770085777485457  0.22607054122939590  0.23434274200237262  0.24276817271021428
  0.25138004090304816  0.25948387019734898  0.26749805566127516  0.27510864051460987
  0.28221650283971333  0.28941533791972546  0.29674917732972306  0.30412886067122924
  0.31135359575565791  0.31841409833369300  0.32524532964760006  0.33175742242128797
  0.33811209303462392  0.34453168359968761  0.35103539942138906  0.35749124479362426
  0.36374280490463845  0.36977830678993284  0.37586841391083720  0.38220730205478670
  0.38850998863083763  0.39496049634397390  0.40149927115015382  0.40816165452093961
  0.41462537947033601  0.42084889563283651  0.42692576182335745  0.43294904046424804
  0.43917183595264592  0.44561857012491907  0.45212020253632162  0.45861965097472662
  0.46511523619417827  0.47151321480117109  0.47794807339314382  0.48427394267136109
  0.49046440086291432  0.49651816893412237  0.50255131187163415  0.50857572094352133
  0.51471646213289124  0.52095843503097627  0.52711989083583655  0.53318219619704577
  0.53919849527681363  0.54518616029121103  0.55127030070249783  0.55733371060811288
  0.56347203073727903  0.56972742680074495  0.57608817473376495  0.58269455983104557
  0.58965430981740530  0.59699700663167543  0.60426041874962655  0.61155717799673648
  0.61915851063123695  0.62692229995055515  0.63492231867632154  0.64276603484572126
  0.65035820975868641  0.65782766124605829  0.66559995462108068  0.67391713721148094
  0.68257402971070902  0.69123716025033022  0.69977848972937196  0.70850057249121667
  0.71791803228609263  0.72790763911287892  0.73867523800353074  0.75061046724869651
  0.76404849715870637  0.77842288361301293  0.79420261438262030  0.81241566843231050
  0.83251861885853340  0.85612728019724726  0.89398529434230489  1.00000000000000000
 -0.01770632014107748  0.12810390627492027  0.18970183172464780  0.23296373861011715
  0.26216932709491192  0.28344872207211141  0.30082113585423759  0.31637544436367337
  0.33042135736417350  0.34288368984905743  0.35449157052114472  0.36501815190163395
  0.37517855202099765  0.38488856340313438  0.39436793954993693  0.40319251221754204
  0.41137381846317339  0.41912472507759729  0.42632829591601279  0.43340105359699238
  0.44021967106391152  0.44684524767156814  0.45343563417469107  0.45999479430032614
  0.46651251602576832  0.47271390598012764  0.47877683206937421  0.48496083302593140
  0.49119640226742745  0.49739890380231860  0.50342063540086768  0.50936747068112753
  0.51531625511902357  0.52101958693537320  0.52624495000337868  0.53107503107520215
  0.53588150870735907  0.54068206547882613  0.54543266846309313  0.55037625924103839
  0.55520097786299238  0.56006454496265334  0.56484809800994296  0.56964682222313123
  0.57435481381296960  0.57894756262151481  0.58352344902197129  0.58819335482008828
  0.59297266503479840  0.59779378834057473  0.60269045856538739  0.60785410706423526
  0.61299011758137834  0.61812405638060530  0.62314379619113702  0.62809287524164459
  0.63303300474261681  0.63793456507181934  0.64276121434064926  0.64748750919251086
  0.65227013894915908  0.65698544292003314  0.66175110507346202  0.66666232621598753
  0.67170517301134147  0.67687892866346822  0.68214225285770480  0.68753960028953387
  0.69309730153700266  0.69874574769357167  0.70441282256529147  0.71001428970565506
  0.71540754043968569  0.72077227023924750  0.72607649757294501  0.73133882954799267
  0.73682667275159630  0.74254061869400867  0.74838662003887246  0.75432555360442211
  0.76014596635717313  0.76588125721742539  0.77193818149258397  0.77842594148926469
  0.78538761527477541  0.79306120665445645  0.80181109800112516  0.81129562363000907
  0.82098787354214964  0.83117344122724912  0.84256663235852691  0.85561350627042021
  0.87099957618896029  0.89105298436478064  0.92193972286927328  1.00000000000000000
   5.6085176512458104E-011  -1.0000000000000000     
 F F F F F F F F
  <DiscreteSampler_grid>
  grouped_processes
  1 # 1 for a reference and 2 for a running grid.
  10 # Attribute 'min_bin_probing_points' of the grid.
  1 # Attribute 'grid_mode' of the grid. 1=='default',2=='initialization'
  0.0000000000000000 # Attribute 'small_contrib_threshold' of the grid.
  0.5000000000000000 # Attribute 'damping_power' of the grid.
 # binID   n_entries weight   weight_sqr   abs_weight
    13   10   2.208538019983580E+004   9.906079417605063E+008   2.208538019983580E+004
    14   10   2.208538019983580E+004   9.906079417605063E+008   2.208538019983580E+004
    16   10   6.501682476353466E+003   8.583442045424791E+007   6.501682476353466E+003
    17   10   6.501682476353466E+003   8.583442045424791E+007   6.501682476353466E+003
  </DiscreteSampler_grid>
