 -0.00375936059925411  0.02146189451356334  0.03129420203704137  0.04124162302868775
  0.05128431438361493  0.06131240128646839  0.07123708101163768  0.08092699340377550
  0.09067175856098636  0.10023645633286303  0.10966739830683683  0.11914591415356149
  0.12861358393658975  0.13784403107222643  0.14694199802026722  0.15625200864034455
  0.16552402449036632  0.17438718988550120  0.18297782204861188  0.19146854098620161
  0.20003659360203679  0.20868696405899315  0.21760833155963100  0.22654352751413673
  0.23528727691336812  0.24388608988644517  0.25239840156441096  0.26076094973109348
  0.26953320356040322  0.27813025896234150  0.28669117013794615  0.29521982262487440
  0.30386510946992529  0.31251996313266001  0.32102997298154146  0.32940168032036554
  0.33773513730555399  0.34606156928607129  0.35443479102501152  0.36297113738474562
  0.37147382653860767  0.37983999718564543  0.38809169247413577  0.39616317242792415
  0.40427249563268186  0.41222635816113107  0.42007510834688827  0.42797346293046823
  0.43592207866445565  0.44384592822867935  0.45185444027781446  0.46010203943110745
  0.46848538079940433  0.47703110967373663  0.48573567363021392  0.49441789315868245
  0.50306660741372111  0.51171595843593654  0.52041843562327172  0.52919064512247893
  0.53794786466781774  0.54676836712988164  0.55576411245067481  0.56505472839879567
  0.57457224638490845  0.58415008521961820  0.59363256295894862  0.60298364706000096
  0.61225729286239261  0.62155911195481328  0.63088856009546679  0.64030961137720288
  0.64995199358890277  0.65986375033622591  0.66987477996987810  0.68008163832528534
  0.69061366391198253  0.70133818908235646  0.71234523473589817  0.72353636280466627
  0.73468888024432211  0.74580623892370301  0.75704869850346224  0.76899135752560555
  0.78131484406922036  0.79396868973751067  0.80718426675314847  0.82103132215826524
  0.83554222767350594  0.85144855307307998  0.86835000146403141  0.88611320161054496
  0.90523989174178765  0.92867184003482739  0.95919242745552458  1.00000000000000000
 -0.00243146738670376  0.00914939465620734  0.01927252860100898  0.02996363579104758
  0.04076972812836807  0.05192151934045811  0.06299863022265849  0.07374274626490163
  0.08412015016798592  0.09431239322233241  0.10476111599501110  0.11540438550989393
  0.12625867393489837  0.13733085229491632  0.14843419557261972  0.15939841160264334
  0.17002852286963982  0.18020591682010406  0.19030628078151815  0.20052474513119012
  0.21108987519445924  0.22204835029621514  0.23290130675537227  0.24367126356192390
  0.25420642297977164  0.26484400058288676  0.27543042714353061  0.28592300360397938
  0.29635892169981232  0.30682129616429177  0.31748510954201992  0.32817158391382478
  0.33883952436059106  0.34960535371700613  0.36001004856177654  0.37029117500605674
  0.38054785845224770  0.39063197315537157  0.40053989469283302  0.41011607594937677
  0.41979762975386209  0.42964702793858472  0.43953816738871399  0.44948412275038396
  0.45949232823672037  0.46971743225643547  0.48027194820566704  0.49119034650143234
  0.50203466164701116  0.51257033363708848  0.52318698826522303  0.53413373683711596
  0.54478471242421700  0.55500425778586093  0.56507193800614364  0.57529879584861443
  0.58523904117864167  0.59508594607245879  0.60492866022679759  0.61515935506539332
  0.62559861697823538  0.63600209219936754  0.64654760536012801  0.65708905490357850
  0.66764527518660388  0.67801752826755790  0.68866741622810723  0.69969422740305753
  0.71059865922946164  0.72121564145635475  0.73171100881258500  0.74232814756898369
  0.75275265686013382  0.76289455406211848  0.77293227289541011  0.78302176572396331
  0.79331587543427007  0.80399038663932787  0.81509744912301496  0.82652496980989909
  0.83772148667770130  0.84827429938069565  0.85919704695680743  0.87013273913042877
  0.88124057430978531  0.89201173609499351  0.90262420425056389  0.91358506739398848
  0.92439832024697088  0.93534812689569513  0.94647446448067574  0.95760146575429073
  0.96852427698780874  0.97891103623486064  0.98958625747729811  1.00000000000000000
  0.01385797139919640  0.06377244369814135  0.09047200573292156  0.10982370888981274
  0.12615962500911718  0.14082343695635030  0.15450502445595726  0.16739167111082365
  0.17915057111811705  0.18992696274735271  0.19981489131193392  0.20937752670437254
  0.21863898388269992  0.22760306500275621  0.23620404212636453  0.24452146049428872
  0.25275633143145559  0.26069628292663244  0.26834470524979825  0.27572445960932374
  0.28283979324879016  0.28989014981516192  0.29685950545891926  0.30380271372771223
  0.31063656869880840  0.31765933961580678  0.32468217007460731  0.33178235190807120
  0.33901906085623185  0.34632218909862844  0.35353956300024064  0.36058400078643771
  0.36747681517171388  0.37413295321109047  0.38062871258716557  0.38717634735182277
  0.39382609405251778  0.40031259376182260  0.40668252276647499  0.41305178465419734
  0.41918914468505980  0.42522601641659719  0.43116972237634171  0.43707012726434241
  0.44291028105333374  0.44876739492274709  0.45472525632391575  0.46078550653298017
  0.46691604206233589  0.47302481875279523  0.47902218345490394  0.48493522425430108
  0.49082007828321211  0.49677724610187501  0.50296198145259785  0.50926331863906626
  0.51560926677659191  0.52194982033064197  0.52799620170047656  0.53399836853812765
  0.54004277142573576  0.54610518043497558  0.55227976625402064  0.55844944068006375
  0.56465059374475057  0.57089432083158398  0.57715152181980101  0.58352256907236755
  0.59012104319879100  0.59695745555735968  0.60394819856566306  0.61103266877307549
  0.61828698111349678  0.62552292400355036  0.63300778706900707  0.64050197777800288
  0.64827456444222853  0.65623626181383909  0.66444210479227150  0.67289519108332074
  0.68149704826069979  0.69029146822513265  0.69948362232907846  0.70921012867256328
  0.71955691623167273  0.73049215598319994  0.74198133587732695  0.75392209311805125
  0.76664583069131609  0.78013829814446789  0.79507574499519951  0.81174340903935616
  0.83072970443993521  0.85484279874085889  0.89416464606635249  1.00000000000000000
 -0.01893215207384333  0.12936037660174629  0.19061443670113815  0.23064006538161189
  0.25909939892243583  0.28121600358045740  0.29934876781352138  0.31517805348846861
  0.32939796413661798  0.34236109868282794  0.35454067800994171  0.36570752564919407
  0.37614886489371069  0.38603053216936739  0.39549200041402172  0.40438548924254070
  0.41283943120329691  0.42086809220003374  0.42851621947307283  0.43582216362661197
  0.44282353877873637  0.44954472643566895  0.45625994502176259  0.46285115765984214
  0.46928039921849807  0.47547250608005365  0.48149401605602793  0.48738270641242715
  0.49322389350233586  0.49898906899543738  0.50457910140014972  0.50997981863524378
  0.51532636904534457  0.52062882180264491  0.52588731322145443  0.53110102074183840
  0.53626726260086555  0.54140559933978483  0.54652261046813999  0.55164397975874424
  0.55667088040331580  0.56159697121790464  0.56642871499173586  0.57126890227537785
  0.57615063847910997  0.58101955154780593  0.58583894608595855  0.59060581053630112
  0.59537431172376976  0.60013323234669869  0.60481330660911803  0.60946957219560560
  0.61413484071463198  0.61875543427513024  0.62339623298187119  0.62806739309280435
  0.63277690446403856  0.63750719583497883  0.64223716399357611  0.64701824577695510
  0.65191251277045026  0.65690103105027708  0.66190358513532876  0.66691748567381182
  0.67193746106541297  0.67699846673064545  0.68205442699465824  0.68712596770909429
  0.69219508495424975  0.69728003106422809  0.70242155225143621  0.70761296060619538
  0.71290745856852333  0.71835213812054910  0.72384079135107837  0.72941456399950921
  0.73526124169331397  0.74119606013026784  0.74724036658591886  0.75361096852950715
  0.76041979774030488  0.76743063757483354  0.77449411580815120  0.78164649032687961
  0.78901383719867557  0.79665798387300324  0.80461619515494054  0.81299389610902706
  0.82199614301263768  0.83182770549226470  0.84308089856492141  0.85602676490724217
  0.87145322824011773  0.89113312227150110  0.92242317665287477  1.00000000000000000
   1.1356522609053908E-011  -1.0000000000000000     
 F F F F F F F F
  <DiscreteSampler_grid>
  grouped_processes
  1 # 1 for a reference and 2 for a running grid.
  10 # Attribute 'min_bin_probing_points' of the grid.
  1 # Attribute 'grid_mode' of the grid. 1=='default',2=='initialization'
  0.0000000000000000 # Attribute 'small_contrib_threshold' of the grid.
  0.5000000000000000 # Attribute 'damping_power' of the grid.
 # binID   n_entries weight   weight_sqr   abs_weight
    13   10   5.068055054477326E+004   4.033757670995784E+009   5.068055054477326E+004
    14   10   5.068055054477326E+004   4.033757670995784E+009   5.068055054477326E+004
    16   10   1.491820445143408E+004   3.494541020118135E+008   1.491820445143408E+004
    17   10   1.491820445143408E+004   3.494541020118135E+008   1.491820445143408E+004
  </DiscreteSampler_grid>
