 -0.00389537876874326  0.02149669219904691  0.03151166777415632  0.04148353789403650
  0.05153611231018721  0.06130004049408087  0.07090084342415479  0.08063626891223982
  0.09031997941891601  0.09984550167194738  0.10927828927883915  0.11882811254494838
  0.12828933344819482  0.13761550501393308  0.14699321475846444  0.15613266365459522
  0.16516540850390229  0.17430031408000413  0.18361483707875548  0.19301532280842010
  0.20222057125400852  0.21126418056641047  0.22006688191454946  0.22870270101274273
  0.23726699544910362  0.24573913577753409  0.25414059285696472  0.26234683337994014
  0.27051995259138012  0.27860475417667246  0.28663751859113257  0.29479559515867382
  0.30283268893476112  0.31091556093361872  0.31906603289452595  0.32735403598179913
  0.33574551796848362  0.34424459053910234  0.35297256464107196  0.36201026984439649
  0.37125519890160319  0.38037645037281059  0.38887608499463422  0.39733975623041506
  0.40572281276844080  0.41404869451592835  0.42223423355603679  0.43081625334460544
  0.43973737074586128  0.44859045978813394  0.45725124606608880  0.46570870340291071
  0.47417961548176163  0.48248535497658540  0.49096109561007090  0.49951048252255520
  0.50804987290584025  0.51672323009090604  0.52571800556055870  0.53457169539188165
  0.54347544123166136  0.55251108482380606  0.56141342156065488  0.57033287345991668
  0.57932203601277221  0.58818940817956089  0.59688838948161049  0.60561021442177521
  0.61450600404510181  0.62347008415214999  0.63252391651199069  0.64176753060211666
  0.65121648291315892  0.66091034403933036  0.67098045661579186  0.68119633229863708
  0.69160182544561866  0.70218152535257550  0.71296892143777701  0.72401280493450204
  0.73531632824105164  0.74674946006304321  0.75799005672884978  0.77000798495391276
  0.78221958523307156  0.79479760562921120  0.80813672047193241  0.82219408134045868
  0.83694831100771483  0.85340572221662625  0.87076693512606895  0.88920441132675665
  0.90912399711003433  0.93228010544771944  0.96188263506287119  1.00000000000000000
 -0.00250027515940200  0.01045278524427262  0.02111204363080133  0.03187052447539906
  0.04255362059442949  0.05270028139280428  0.06303669801379685  0.07304755196593000
  0.08332472736516955  0.09373946195377682  0.10406565877947285  0.11416268901403420
  0.12413942043193057  0.13451870587404663  0.14526036591564231  0.15621226081331588
  0.16722671607431205  0.17869397469358955  0.18971787315625854  0.19979296421438350
  0.21036259595256385  0.22029385287257150  0.23091477610574754  0.24126166174726332
  0.25166947095607850  0.26184415141304196  0.27214902709482841  0.28341184864098673
  0.29456512487553871  0.30531542119462446  0.31616062358705244  0.32695979068439313
  0.33781564521313495  0.34817457406767588  0.35840780611898054  0.36929565483617133
  0.38002154487962619  0.39107192852964257  0.40176479659675973  0.41256898113883600
  0.42307345512343042  0.43331871934693111  0.44368577485622163  0.45396900268381102
  0.46428215287460023  0.47474145263584983  0.48564833083571490  0.49644230973277731
  0.50759085414459859  0.51873965394999233  0.52958555406222885  0.54036689457205345
  0.55081923310970127  0.56107354780672891  0.57087865390063552  0.58059050220957387
  0.59026310511357616  0.59971034803038537  0.60946809762076526  0.61918738573809551
  0.62905492592056833  0.63950455235550541  0.64989401016428472  0.66043778188390367
  0.67093919998448803  0.68165807351779417  0.69253167668984184  0.70328937984583306
  0.71399120110017100  0.72491511890403770  0.73569426237403823  0.74659235362668086
  0.75736189310920154  0.76838933226931661  0.77951323205651646  0.79058822597968637
  0.80101602413097484  0.81165934073049129  0.82164086053255869  0.83211128469545581
  0.84261450850584918  0.85321816035865883  0.86370743673557060  0.87393030683816308
  0.88411864212502067  0.89439534940323573  0.90477060146200572  0.91514152853940423
  0.92529759664979949  0.93553314971083990  0.94623094209205139  0.95720384466433361
  0.96811867086991554  0.97867172670320635  0.98928051830988184  1.00000000000000000
  0.01397653312248312  0.06387987278682519  0.09004335591120051  0.10978301601637913
  0.12629578902563762  0.14025243212219923  0.15268213071034425  0.16408278555457220
  0.17487559561446858  0.18534685531522049  0.19560520099739481  0.20545908704616139
  0.21497557180156754  0.22408797316340742  0.23280661353720147  0.24104076313081579
  0.24935285116147268  0.25738374174554102  0.26549736163584342  0.27322876930326834
  0.28091758607637357  0.28836292137582487  0.29545237025177795  0.30226076517057293
  0.30898698371910394  0.31562077338420308  0.32213955822324247  0.32850246113234688
  0.33494602389797939  0.34099458014756107  0.34730416999417896  0.35352838794190405
  0.36004513965536222  0.36651221236957870  0.37290370062419137  0.37935579736789549
  0.38592987157829167  0.39257428270856581  0.39936257163542466  0.40634759214594152
  0.41333078434200843  0.42013098301972235  0.42657314914555039  0.43298063625023664
  0.43928619305302369  0.44549652102366016  0.45154608467842916  0.45749495594829498
  0.46335165471451828  0.46915907619595837  0.47502847314011926  0.48088915425445933
  0.48666380470509202  0.49249361366046424  0.49833009928636190  0.50435427442301317
  0.51054364334352553  0.51680500403656227  0.52327082488243593  0.52998231077362534
  0.53652015164476952  0.54295164417050956  0.54939324037317705  0.55589964970483219
  0.56245893205926289  0.56899483548534757  0.57559820729550315  0.58239701061556726
  0.58930234153040228  0.59624578021864283  0.60326708939810891  0.61052207169596984
  0.61794686291596312  0.62556966365809241  0.63341033998026008  0.64135955050500570
  0.64915869450618813  0.65698260795311270  0.66498363999180699  0.67330400893487774
  0.68173644216906193  0.69036422900629479  0.69932740804373683  0.70867091888681055
  0.71861265204738300  0.72895344864863021  0.73964362458723232  0.75092119942730240
  0.76319378914760261  0.77670066367786561  0.79192631265421920  0.80946744759506861
  0.83039488832285602  0.85655677889350934  0.89544587768349793  1.00000000000000000
 -0.01822273978104184  0.12967065619846460  0.19049447488166368  0.23316663193342649
  0.26095410458902857  0.28264935358814369  0.30060466791085450  0.31622477923471598
  0.32983285241891702  0.34261416303765074  0.35439657724185458  0.36516945911440668
  0.37519688343189145  0.38469171360585430  0.39390625741444180  0.40283222423800880
  0.41135651906977205  0.41946267550804561  0.42717881523188622  0.43460140656507651
  0.44170276945475939  0.44862501966916285  0.45547032276877708  0.46231837699767764
  0.46912791507986612  0.47577927961479000  0.48206881644585442  0.48780621970971588
  0.49356855936962252  0.49930193477231172  0.50504554067425911  0.51076026986452527
  0.51642943262211094  0.52204277853549941  0.52754121114122354  0.53293623122161282
  0.53834341194260160  0.54368528518999215  0.54894640819134677  0.55408063154294962
  0.55906350335684185  0.56395816469775151  0.56880501798448124  0.57369836326364987
  0.57862226309519282  0.58353230386858101  0.58845065341837843  0.59340010703531898
  0.59834133896650776  0.60323801132391108  0.60787802103742927  0.61247511406159483
  0.61708590727788759  0.62174485794057055  0.62642264728533026  0.63108449771789799
  0.63571824572484159  0.64032767003648039  0.64494720111100767  0.64956873262286030
  0.65416310130119382  0.65886349393218491  0.66361721528297968  0.66844039020179891
  0.67327757984270098  0.67805159200302778  0.68281423758265136  0.68766171098826001
  0.69264661506965486  0.69774039788022446  0.70277596195448178  0.70789866775212007
  0.71322635305760762  0.71875923008252773  0.72441311306357703  0.73016155171248043
  0.73615949209173759  0.74224260147483179  0.74837428891657032  0.75452418388317832
  0.76068823284906018  0.76694775305761975  0.77352330850582174  0.78059216761599615
  0.78808977659788004  0.79610703848473208  0.80458223150159180  0.81353129543141267
  0.82315784975901152  0.83353652844562731  0.84493712815396371  0.85765193920264893
  0.87222961182844583  0.89123514615450083  0.92193179616964083  1.00000000000000000
   1.4469786129655351E-011  -1.0000000000000000     
 F F F F F F F F
  <DiscreteSampler_grid>
  grouped_processes
  1 # 1 for a reference and 2 for a running grid.
  10 # Attribute 'min_bin_probing_points' of the grid.
  1 # Attribute 'grid_mode' of the grid. 1=='default',2=='initialization'
  0.0000000000000000 # Attribute 'small_contrib_threshold' of the grid.
  0.5000000000000000 # Attribute 'damping_power' of the grid.
 # binID   n_entries weight   weight_sqr   abs_weight
    13   10   3.758768445269660E+004   2.404502240725556E+009   3.758768445269660E+004
    14   10   3.758768445269660E+004   2.404502240725556E+009   3.758768445269660E+004
    16   10   1.106449214173525E+004   2.083072735827402E+008   1.106449214173525E+004
    17   10   1.106449214173525E+004   2.083072735827402E+008   1.106449214173525E+004
  </DiscreteSampler_grid>
